6.54763e-08 1.04608e-07 6.07465e-08 7.6179e-08 5.57555e-08 5.13855e-08 9.00041e-08 4.78867e-08 1.04608e-07 1.18011e-07 3.491e-07 6.3855e-08 1.24868e-07 1.16589e-07 1.22713e-05 4.77685e-08 0.999985 9.28115e-08 1.03766e-07 7.15299e-08 9.08498e-08 7.48522e-08 1.0001e-07 8.69686e-08 6.83696e-08 1.02393e-07 9.17112e-08 1.58023e-07 1.15544e-07 7.38518e-08 
4.33206e-08 6.92108e-08 4.01913e-08 5.04017e-08 3.68891e-08 4.32528e-06 5.95488e-08 9.21485e-06 6.92108e-08 7.8079e-08 2.30972e-07 4.22479e-08 8.26158e-08 7.7138e-08 0.000732916 6.26479e-06 2.26319e-06 6.14062e-08 0.00129634 4.73258e-08 6.01083e-08 0.00128316 6.61691e-08 0.996657 7.1823e-06 6.77454e-08 6.06782e-08 1.04552e-07 7.64465e-08 4.8862e-08 
5.98391e-08 9.56016e-08 5.55166e-08 6.96204e-08 5.09553e-08 4.69616e-08 8.22553e-08 1.37659e-05 9.56016e-08 1.07851e-07 3.19044e-07 1.83556e-05 1.14118e-07 1.06551e-07 5.74097e-08 4.36559e-08 5.56037e-08 8.4821e-08 9.48323e-08 6.53716e-08 8.30282e-08 6.84079e-08 9.14e-08 7.94812e-08 6.24834e-08 0.999965 8.38154e-08 1.44418e-07 1.05596e-07 6.74936e-08 
5.8041e-07 9.27289e-07 0.979606 6.75284e-07 4.94242e-07 4.55504e-07 7.97836e-07 4.24488e-07 9.27289e-07 1.0461e-06 3.09457e-06 0.000407432 0.0190617 0.000903093 5.56846e-07 4.23441e-07 5.39329e-07 8.22722e-07 9.19827e-07 6.34073e-07 8.05333e-07 6.63523e-07 8.86535e-07 7.70928e-07 6.06058e-07 9.07655e-07 8.12968e-07 1.40079e-06 1.02423e-06 6.54655e-07 
1.10947e-07 1.77253e-07 1.02932e-07 1.29082e-07 9.44754e-08 8.70706e-08 1.52508e-07 0.996179 1.77253e-07 1.99965e-07 5.91534e-07 1.082e-07 2.11584e-07 1.97555e-07 1.06442e-07 8.09416e-08 1.03094e-07 1.57265e-07 1.75827e-07 1.21204e-07 1.53941e-07 1.26834e-07 1.69463e-07 0.00371231 4.7464e-05 5.71985e-05 1.55401e-07 2.67764e-07 1.95784e-07 1.25139e-07 
9.79981e-08 1.56566e-07 9.09191e-08 1.14017e-07 1.26297e-05 2.68999e-05 3.01036e-05 0.988702 0.00254097 1.63568e-05 5.22496e-07 1.93065e-05 1.8689e-07 1.74499e-07 9.40194e-08 7.14949e-08 9.10617e-08 1.38911e-07 1.55306e-07 1.07059e-07 1.35975e-07 4.77253e-05 3.0443e-05 1.30166e-07 0.00857061 1.53251e-07 1.37264e-07 2.36513e-07 1.72934e-07 1.10534e-07 
6.14405e-08 9.816e-08 1.12215e-05 7.14836e-08 1.94188e-05 4.82183e-08 8.44566e-08 4.49351e-08 9.816e-08 1.10738e-07 3.27582e-07 5.99192e-08 1.17172e-07 1.09403e-07 5.89461e-08 4.48242e-08 5.70917e-08 8.7091e-08 9.73702e-08 0.99995 8.52502e-08 7.02386e-08 9.3846e-08 8.16082e-08 1.71261e-05 9.60817e-08 8.60584e-08 1.48283e-07 1.08422e-07 6.92998e-08 
8.28775e-08 1.32409e-07 0.999964 9.64245e-08 7.05733e-08 6.50419e-08 2.72453e-05 6.06132e-08 1.32409e-07 1.49374e-07 4.41878e-07 8.08254e-08 1.58054e-07 5.62296e-06 7.95127e-08 6.04636e-08 7.70113e-08 1.17477e-07 1.31343e-07 9.05399e-08 1.14994e-07 9.47452e-08 1.26589e-07 1.10082e-07 8.65397e-08 1.29605e-07 1.16085e-07 2.0002e-07 1.46251e-07 9.34789e-08 
3.58912e-07 5.73414e-07 0.000133504 4.1758e-07 3.05628e-07 2.81673e-07 0.00037027 2.62494e-07 0.00045886 6.46887e-07 1.91361e-06 3.50026e-07 6.84474e-07 0.000351928 3.44341e-07 2.61846e-07 3.33508e-07 0.998579 5.688e-07 3.92096e-07 4.97999e-07 4.10307e-07 5.48213e-07 4.76724e-07 9.40513e-05 5.61273e-07 5.02721e-07 8.66215e-07 6.33362e-07 4.04823e-07 
6.23209e-08 9.95666e-08 0.999946 7.25078e-08 5.30687e-08 4.89092e-08 8.56668e-08 4.5579e-08 9.95666e-08 1.12324e-07 3.32276e-07 6.07778e-08 1.18851e-07 1.10971e-07 5.97907e-08 4.54665e-08 5.79098e-08 8.83389e-08 9.87654e-08 6.80828e-08 8.64717e-08 1.88195e-05 9.51907e-08 8.27776e-08 6.50748e-08 9.74584e-08 8.72915e-08 3.28161e-05 1.09976e-07 7.02928e-08 
6.38523e-08 0.999997 5.92398e-08 7.42896e-08 5.43727e-08 5.01111e-08 8.77719e-08 4.6699e-08 1.02013e-07 1.15084e-07 3.40441e-07 6.22713e-08 1.21771e-07 1.13697e-07 6.12599e-08 4.65837e-08 5.93328e-08 9.05096e-08 1.01192e-07 6.97558e-08 8.85966e-08 7.29957e-08 9.75298e-08 8.48116e-08 6.66739e-08 9.98532e-08 8.94365e-08 1.54104e-07 1.12678e-07 7.20201e-08 
0.000212537 4.28936e-07 2.49087e-07 3.12366e-07 2.28622e-07 2.10703e-07 0.000190095 0.998355 4.28936e-07 0.000102916 1.43146e-06 6.36048e-05 5.12014e-07 4.78065e-07 2.5758e-07 1.95871e-07 2.49477e-07 3.80567e-07 0.000533493 0.000212293 3.72523e-07 3.06926e-07 9.92128e-05 3.56609e-07 0.000221927 4.19854e-07 3.76055e-07 6.47963e-07 4.7378e-07 3.02824e-07 
9.52774e-07 1.52219e-06 8.83949e-07 1.10851e-06 8.11324e-07 7.47734e-07 1.30969e-06 6.9682e-07 1.52219e-06 1.71724e-06 5.0799e-06 9.29183e-07 1.81702e-06 1.69654e-06 0.000381629 6.951e-07 8.85336e-07 1.35054e-06 0.998947 1.04086e-06 1.322e-06 1.08921e-06 1.45529e-06 0.000633766 9.94876e-07 1.48996e-06 1.33453e-06 2.29947e-06 1.68133e-06 1.07465e-06 
1.15763e-07 1.84947e-07 1.074e-07 1.34685e-07 9.85763e-08 9.08501e-08 5.58984e-05 8.46641e-08 1.84947e-07 2.08645e-07 6.17211e-07 0.999939 2.20769e-07 2.06131e-07 1.11063e-07 8.44551e-08 1.07569e-07 1.64092e-07 1.83459e-07 1.26466e-07 1.60623e-07 1.32339e-07 1.76819e-07 1.53761e-07 1.20878e-07 1.81031e-07 1.62146e-07 2.79387e-07 2.04283e-07 1.30571e-07 
5.86732e-08 9.37388e-08 5.44348e-08 6.82638e-08 4.99625e-08 4.60465e-08 8.06526e-08 4.29112e-08 9.37388e-08 1.0575e-07 3.12828e-07 5.72204e-08 1.11894e-07 1.04475e-07 5.6291e-08 4.28052e-08 5.45202e-08 8.31683e-08 9.29845e-08 6.40978e-08 0.999998 6.70749e-08 8.9619e-08 7.79325e-08 6.12659e-08 9.1754e-08 8.21822e-08 1.41604e-07 1.03539e-07 6.61785e-08 
1.10471e-05 6.7339e-08 3.91043e-08 1.11483e-05 3.58915e-08 3.30784e-08 5.79383e-08 0.00134078 0.99856 7.59673e-08 2.24725e-07 4.11053e-08 2.08616e-05 7.50518e-08 4.04377e-08 7.98491e-06 3.91656e-08 5.97455e-08 6.67971e-08 1.92769e-05 5.84826e-08 4.81845e-08 6.43795e-08 5.59842e-08 1.77969e-05 6.59132e-08 5.90371e-08 1.01724e-07 7.4379e-08 9.357e-06 
2.31966e-06 3.70598e-06 2.15209e-06 2.69883e-06 1.97528e-06 1.82046e-06 3.18862e-06 1.6965e-06 3.70598e-06 4.18084e-06 1.23677e-05 2.26222e-06 4.42377e-06 4.13045e-06 2.22548e-06 1.69231e-06 2.15547e-06 3.28808e-06 3.67616e-06 0.999902 3.21858e-06 2.65182e-06 3.54311e-06 3.08108e-06 2.42216e-06 3.62751e-06 3.24909e-06 5.59836e-06 4.09343e-06 2.61638e-06 
6.98623e-07 1.11615e-06 6.48157e-07 0.0017246 5.94904e-07 5.48277e-07 0.000299761 0.990186 1.11615e-06 0.000162581 3.72485e-06 0.00760146 1.33233e-06 1.24399e-06 6.70259e-07 5.09683e-07 6.49174e-07 9.90287e-07 1.10717e-06 7.63215e-07 9.69356e-07 7.98663e-07 1.0671e-06 9.27944e-07 7.29494e-07 1.09252e-06 9.78546e-07 1.68609e-06 1.23284e-06 7.87989e-07 
1.10979e-05 1.13326e-07 6.58092e-08 1.83027e-05 6.04023e-08 2.08729e-05 9.75053e-08 5.18776e-08 1.13326e-07 1.27847e-07 3.78194e-07 6.91769e-08 3.2488e-05 1.26306e-07 1.54839e-05 0.999806 5.04287e-06 1.00547e-07 2.07267e-05 7.74914e-08 9.84215e-08 8.10906e-08 1.08345e-07 3.05836e-05 1.60533e-05 2.15146e-05 9.93546e-08 1.71193e-07 1.25174e-07 8.00068e-08 
0.00014961 2.98636e-07 0.99973 2.17477e-07 1.59172e-07 1.46696e-07 2.56945e-07 1.36708e-07 2.98636e-07 3.36901e-07 9.96615e-07 1.82294e-07 3.56476e-07 3.3284e-07 1.79334e-07 1.3637e-07 1.73692e-07 2.6496e-07 2.96233e-07 0.00011324 2.5936e-07 2.13689e-07 2.85511e-07 2.48279e-07 1.95183e-07 2.92313e-07 2.61818e-07 4.51128e-07 3.29857e-07 2.10833e-07 
1.74682e-06 2.79079e-06 1.62063e-06 2.03235e-06 1.48748e-06 1.3709e-06 2.40119e-06 1.27755e-06 2.79079e-06 3.14838e-06 9.3135e-06 1.70357e-06 3.33132e-06 3.11044e-06 1.6759e-06 1.2744e-06 1.62318e-06 2.47609e-06 0.999927 1.90832e-06 2.42375e-06 1.99696e-06 2.66814e-06 2.32021e-06 1.82401e-06 2.7317e-06 2.44673e-06 4.21585e-06 3.08256e-06 1.97027e-06 
5.98379e-08 9.55995e-08 5.55154e-08 6.96189e-08 2.87459e-05 4.69605e-08 8.22536e-08 4.3763e-08 9.55995e-08 1.07849e-07 3.19037e-07 5.83562e-08 1.14116e-07 1.06549e-07 5.74085e-08 2.05746e-05 5.56025e-08 8.48192e-08 9.48303e-08 6.53702e-08 8.30264e-08 6.84064e-08 9.1398e-08 7.94794e-08 6.2482e-08 0.999948 8.38136e-08 1.44415e-07 1.05594e-07 6.74921e-08 
5.46745e-05 1.7717e-07 1.02884e-07 3.98234e-05 4.07676e-05 8.70297e-08 1.52437e-07 8.11038e-08 1.7717e-07 1.99871e-07 5.91257e-07 1.08149e-07 2.11485e-07 1.97463e-07 1.06392e-07 3.49121e-05 1.03045e-07 1.57191e-07 1.75744e-07 1.21147e-07 7.58799e-05 1.26774e-07 2.62137e-05 1.47295e-07 1.15795e-07 0.999724 1.55328e-07 2.67638e-07 1.95692e-07 1.2508e-07 
1.92831e-05 8.3776e-08 4.86494e-08 6.10086e-08 1.75135e-05 9.54042e-06 7.20806e-08 0.00143855 1.79377e-05 9.45104e-08 2.7958e-07 5.11389e-08 1.00002e-07 9.33715e-08 5.03083e-08 3.82558e-08 4.87257e-08 7.4329e-08 2.90515e-05 0.99839 2.07612e-05 1.63006e-05 5.4493e-06 6.96496e-08 5.47544e-08 8.20022e-08 7.34477e-08 1.26554e-07 3.40438e-05 5.91449e-08 
3.9241e-08 6.26931e-08 3.64064e-08 4.56553e-08 3.34152e-08 6.2376e-06 5.3941e-08 2.86993e-08 6.26931e-08 7.07261e-08 2.09221e-07 3.82694e-08 7.48357e-08 0.00326612 8.80586e-06 2.86284e-08 3.64635e-08 0.996688 6.21886e-08 4.28691e-08 5.44478e-08 1.25573e-05 5.99378e-08 5.21218e-08 4.0975e-08 6.13657e-08 5.4964e-08 9.4706e-08 1.7076e-05 4.42606e-08 
1.22367e-07 1.95499e-07 1.13528e-07 1.42369e-07 1.042e-07 9.60333e-08 1.68207e-07 8.94944e-08 1.95499e-07 2.20549e-07 6.52425e-07 1.19337e-07 2.33364e-07 2.17891e-07 1.17399e-07 8.92735e-08 1.13706e-07 1.73454e-07 1.93926e-07 1.33681e-07 1.69787e-07 1.3989e-07 1.86907e-07 1.62534e-07 9.10033e-05 1.9136e-07 0.999904 2.95327e-07 2.15938e-07 1.3802e-07 
6.62446e-05 2.94203e-07 1.70846e-07 2.14249e-07 1.56809e-07 1.44519e-07 2.53131e-07 0.999593 2.94203e-07 3.319e-07 9.81821e-07 1.79588e-07 3.51185e-07 3.279e-07 1.76672e-07 1.34346e-07 1.71114e-07 2.61027e-07 0.000167209 6.65837e-05 2.5551e-07 2.10517e-07 3.1219e-05 2.44594e-07 6.91716e-05 2.87973e-07 2.57932e-07 4.44431e-07 3.2496e-07 2.07704e-07 
4.0083e-07 6.40383e-07 3.71875e-07 4.66349e-07 3.41322e-07 3.1457e-07 0.000368916 0.0252913 6.40383e-07 0.000199602 2.1371e-06 0.973813 7.64414e-07 7.13731e-07 0.000312226 2.92427e-07 3.72459e-07 5.6817e-07 6.3523e-07 4.37889e-07 5.56161e-07 4.58227e-07 6.12239e-07 5.32401e-07 4.18542e-07 6.26824e-07 5.61434e-07 9.67381e-07 7.07332e-07 4.52103e-07 
3.02883e-08 4.83898e-08 1.04429e-05 3.52392e-08 2.57916e-08 2.37701e-08 4.16345e-08 2.21516e-08 4.83898e-08 5.45901e-08 1.61488e-07 2.95383e-08 5.77621e-08 5.39323e-08 2.90586e-08 2.20969e-08 2.81444e-08 4.29331e-08 2.16312e-05 3.30886e-08 4.20257e-08 3.46254e-08 4.62631e-08 4.02303e-08 3.16267e-08 4.73653e-08 9.94673e-06 0.999957 5.34488e-08 3.41627e-08 
2.68272e-05 1.21848e-07 7.07579e-08 8.87337e-08 6.49444e-08 5.98542e-08 1.04837e-07 0.999912 2.76146e-05 1.3746e-07 4.06633e-07 7.43788e-08 1.45448e-07 1.35804e-07 7.31707e-08 5.5641e-08 7.08689e-08 1.08107e-07 1.20867e-07 3.04317e-05 1.05822e-07 8.71883e-08 1.16493e-07 1.01302e-07 7.96373e-08 1.19268e-07 1.06826e-07 1.84067e-07 1.34586e-07 8.60231e-08 
1.885e-05 9.83145e-08 5.7092e-08 2.60276e-05 6.62479e-06 2.28018e-05 8.45895e-08 0.0057258 0.00193341 1.10912e-07 3.28098e-07 6.00135e-08 1.17356e-07 1.09575e-07 5.90388e-08 4.48947e-08 5.71816e-08 8.7228e-08 9.75234e-08 6.72267e-08 8.53843e-08 7.03491e-08 9.39937e-08 8.17366e-08 0.992227 9.62329e-08 1.72155e-05 1.48517e-07 1.08593e-07 1.97695e-05 
9.32029e-07 1.48905e-06 8.64702e-07 0.0003438 7.93658e-07 7.31453e-07 0.000261584 6.81647e-07 1.48905e-06 1.67984e-06 4.96929e-06 9.08951e-07 1.77745e-06 0.00171974 8.94188e-07 6.79965e-07 8.66059e-07 1.32114e-06 1.47707e-06 1.0182e-06 1.29321e-06 1.06549e-06 1.42361e-06 1.23796e-06 9.73214e-07 1.45752e-06 1.30547e-06 2.2494e-06 1.64472e-06 0.99764 
3.19616e-07 5.10632e-07 2.96528e-07 3.7186e-07 2.72165e-07 0.000425679 4.39346e-07 2.33754e-07 5.10632e-07 5.7606e-07 1.70409e-06 3.11702e-07 6.09532e-07 0.953121 3.06639e-07 2.33177e-07 2.96993e-07 0.0454464 5.06523e-07 3.49166e-07 4.43474e-07 3.65383e-07 0.000318948 4.24528e-07 3.33739e-07 4.9982e-07 4.47679e-07 7.71375e-07 0.000676851 3.605e-07 
0.999827 2.90687e-07 1.68804e-07 2.11688e-07 1.54935e-07 0.000121246 4.44415e-05 1.33069e-07 2.90687e-07 3.27933e-07 9.70088e-07 1.77442e-07 3.46988e-07 3.23981e-07 1.7456e-07 1.3274e-07 1.69069e-07 2.57907e-07 2.88348e-07 1.98769e-07 2.52456e-07 2.08001e-07 2.77911e-07 2.41671e-07 1.89987e-07 2.84532e-07 2.5485e-07 4.3912e-07 3.21077e-07 2.05222e-07 
7.57566e-05 2.45614e-07 3.52351e-05 1.78864e-07 1.30911e-07 1.20651e-07 2.11325e-07 1.12435e-07 0.00013613 2.77085e-07 8.19668e-07 1.49928e-07 2.93185e-07 2.73745e-07 1.47493e-07 1.12158e-07 6.16678e-05 2.17917e-07 2.43637e-07 1.67949e-07 2.13311e-07 1.75749e-07 7.2453e-05 2.04198e-07 1.60528e-07 2.40413e-07 2.15333e-07 3.71031e-07 2.71291e-07 0.999613 
4.58149e-07 7.31958e-07 4.25053e-07 5.33037e-07 0.999981 3.59553e-07 6.29774e-07 3.35071e-07 7.31958e-07 8.25745e-07 2.44271e-06 4.46805e-07 8.73725e-07 8.15794e-07 4.39548e-07 3.34244e-07 4.2572e-07 6.49418e-07 7.26068e-07 5.00507e-07 6.35692e-07 5.23753e-07 6.99789e-07 6.08534e-07 4.78393e-07 7.1646e-07 6.41718e-07 1.10572e-06 8.08481e-07 5.16753e-07 
0.00158384 7.06103e-08 4.10039e-08 2.05236e-05 3.7635e-08 3.46853e-08 0.998351 1.40757e-05 7.06103e-08 8.15498e-06 2.35642e-07 1.4493e-05 8.42863e-08 7.86977e-08 4.24021e-08 3.22437e-08 4.10683e-08 6.44321e-06 7.00421e-08 4.82827e-08 6.13237e-08 5.05253e-08 6.7507e-08 5.87039e-08 4.61495e-08 6.91152e-08 6.19051e-08 1.06666e-07 7.79922e-08 4.985e-08 
0.00131889 1.22225e-06 7.09767e-07 8.90082e-07 6.51453e-07 6.00393e-07 1.05162e-06 5.59512e-07 1.22225e-06 1.37886e-06 4.07891e-06 7.46088e-07 1.45897e-06 1.36224e-06 0.000300507 5.58131e-07 7.10881e-07 1.08442e-06 0.000654852 8.35762e-07 1.0615e-06 8.7458e-07 1.16853e-06 0.997696 7.98836e-07 1.19637e-06 1.07156e-06 1.84636e-06 1.35003e-06 8.62891e-07 
7.548e-08 1.2059e-07 7.00276e-08 8.78179e-08 6.42741e-08 0.999946 1.03755e-07 5.5203e-08 1.2059e-07 1.36042e-07 4.02437e-07 7.36111e-08 1.43946e-07 1.34402e-07 1.45784e-05 5.50667e-08 7.01375e-08 3.63162e-05 1.1962e-07 8.24586e-08 1.0473e-07 8.62884e-08 1.1529e-07 1.00256e-07 7.88154e-08 1.18037e-07 1.05723e-07 1.82167e-07 1.33197e-07 8.51352e-08 
5.95088e-08 9.50738e-08 5.52101e-08 6.92361e-08 6.62723e-06 4.67023e-08 8.18013e-08 4.35223e-08 9.50738e-08 1.07256e-07 3.17283e-07 1.78292e-05 1.13488e-07 1.05963e-07 5.70928e-08 4.34149e-08 5.52967e-08 8.43528e-08 9.43088e-08 6.50107e-08 8.25699e-08 6.80302e-08 9.08954e-08 7.90424e-08 1.73023e-05 9.30608e-08 8.33527e-08 1.43621e-07 1.05013e-07 0.999956 
9.83436e-07 1.57118e-06 9.12396e-07 1.14419e-06 8.37434e-07 7.71797e-07 1.35184e-06 7.19245e-07 1.57118e-06 1.7725e-06 5.24338e-06 9.59086e-07 1.87549e-06 1.75114e-06 9.43509e-07 7.1747e-07 9.13828e-07 1.39401e-06 0.999959 1.07436e-06 1.36454e-06 1.12426e-06 1.50213e-06 1.30625e-06 1.02689e-06 1.53791e-06 1.37748e-06 2.37347e-06 1.73544e-06 1.10923e-06 
6.32723e-08 1.01087e-07 1.50634e-05 7.36148e-08 5.38788e-08 4.96559e-08 8.69746e-08 1.74778e-05 1.01087e-07 1.14039e-07 3.37349e-07 6.17057e-08 1.20665e-07 1.12665e-07 2.47972e-05 4.61606e-08 5.87939e-08 2.24009e-05 1.00273e-07 6.91222e-08 8.77918e-08 0.996586 1.82993e-05 0.00331354 6.60683e-08 9.89463e-08 8.86242e-08 1.52704e-07 1.11655e-07 7.13659e-08 
0.000529915 1.15488e-06 6.70649e-07 0.000502825 6.15549e-07 0.000906694 0.995648 5.28675e-07 1.15488e-06 1.30286e-06 3.85411e-06 0.000701995 1.37856e-06 1.28716e-06 0.000782586 5.2737e-07 6.71702e-07 1.02465e-06 1.14559e-06 7.897e-07 1.00299e-06 8.26379e-07 1.10413e-06 9.60146e-07 0.000901799 1.13043e-06 1.0125e-06 1.7446e-06 1.27562e-06 8.15334e-07 
2.42151e-06 3.86871e-06 2.24659e-06 2.81733e-06 2.06201e-06 1.9004e-06 3.32863e-06 1.771e-06 3.86871e-06 4.36442e-06 1.29108e-05 2.36156e-06 4.61802e-06 4.31183e-06 2.3232e-06 1.76663e-06 2.25012e-06 3.43246e-06 3.83758e-06 2.6454e-06 3.35991e-06 0.999898 3.69869e-06 3.21637e-06 2.52852e-06 3.7868e-06 3.39176e-06 5.84419e-06 4.27317e-06 2.73127e-06 
2.25626e-07 3.60469e-07 2.09327e-07 2.62506e-07 1.92129e-07 1.7707e-07 0.000240273 0.000225469 3.60469e-07 0.983306 1.20297e-06 0.0160182 4.30286e-07 0.000201711 2.16465e-07 1.64606e-07 2.09656e-07 3.19821e-07 3.57568e-07 2.46486e-07 3.13061e-07 2.57934e-07 3.44627e-07 2.99686e-07 2.35596e-07 3.52837e-07 3.16029e-07 5.44535e-07 3.98154e-07 2.54487e-07 
0.0333854 0.0333152 0.0333939 0.0333663 0.0334027 0.0334105 0.0333415 0.0334167 0.0333152 0.0332911 0.0328705 0.0333883 0.0332789 0.0332938 0.0333901 0.033417 0.0333936 0.0333364 0.0333167 0.0333745 0.03334 0.0333686 0.0333235 0.0333468 0.0333802 0.0333192 0.0333384 0.033219 0.0332956 0.0333704 
0.000507583 6.07513e-07 3.52788e-07 0.000132002 3.23803e-07 2.98424e-07 5.22703e-07 0.000416747 6.07513e-07 6.85355e-07 2.02741e-06 3.70841e-07 7.25178e-07 6.77096e-07 3.64818e-07 0.000324055 3.53341e-07 5.39007e-07 0.00130414 0.000518828 5.27614e-07 4.34707e-07 0.995978 5.05074e-07 0.000210304 0.000595472 5.32616e-07 9.17727e-07 6.71026e-07 4.28897e-07 
1.1614e-07 1.85551e-07 1.07751e-07 0.000114464 9.8898e-08 7.10581e-05 1.59647e-07 8.49403e-08 1.85551e-07 4.98027e-05 6.19225e-07 5.76156e-05 2.21489e-07 0.972386 1.11425e-07 8.47307e-08 1.0792e-07 0.0272993 1.84058e-07 1.26878e-07 1.61147e-07 1.32771e-07 1.77396e-07 1.54263e-07 1.21272e-07 1.81622e-07 1.62675e-07 2.80298e-07 2.04949e-07 1.78743e-05 
1.54021e-07 2.4607e-07 1.42895e-07 0.000138313 1.31154e-07 1.20875e-07 2.11718e-07 1.12644e-07 2.4607e-07 2.77599e-07 8.21191e-07 8.59475e-05 2.9373e-07 2.74254e-07 0.999676 1.12366e-07 9.41494e-05 2.18322e-07 2.4409e-07 1.68261e-07 2.13707e-07 1.76076e-07 2.35255e-07 2.04577e-07 1.60827e-07 2.4086e-07 2.15733e-07 3.7172e-07 2.71795e-07 1.73722e-07 
2.26019e-05 1.06107e-07 6.16174e-08 7.72712e-08 1.04525e-05 9.2678e-06 1.89885e-05 2.12738e-05 1.06107e-07 1.19703e-07 3.54105e-07 6.47705e-08 1.26659e-07 1.18261e-07 1.48504e-05 1.34345e-05 4.83556e-06 9.41422e-08 0.00259537 7.25554e-08 9.21524e-08 2.92734e-05 1.01444e-07 0.994972 0.0022857 1.03861e-07 9.3026e-08 1.60289e-07 1.17201e-07 7.49106e-08 
0.00118196 7.5868e-08 4.40571e-08 0.997474 4.04374e-08 3.7268e-08 1.54457e-05 2.26366e-06 1.66366e-05 8.55892e-08 2.53189e-07 4.63117e-08 9.05624e-08 1.20999e-05 7.83782e-06 0.00124289 4.41263e-08 6.73127e-08 7.52575e-08 5.1878e-08 6.589e-08 5.42875e-08 7.25337e-08 6.30751e-08 8.91661e-06 7.42616e-08 1.35298e-05 1.14608e-07 2.34065e-05 5.35619e-08 
6.34047e-08 1.01298e-07 5.88245e-08 7.37687e-08 9.7198e-06 4.97597e-08 8.71565e-08 2.08005e-05 0.999927 1.14278e-07 3.38054e-07 6.18347e-08 1.20918e-07 1.129e-07 6.08304e-08 4.62571e-08 5.89168e-08 1.49993e-05 1.00483e-07 6.92668e-08 8.79754e-08 7.24839e-08 9.6846e-08 8.4217e-08 2.5253e-05 9.91532e-08 8.88095e-08 1.53024e-07 1.11888e-07 7.15152e-08 
3.78552e-08 1.76508e-05 3.51207e-08 4.4043e-08 3.22352e-08 2.97086e-08 5.20361e-08 2.76858e-08 6.04791e-08 6.82285e-08 2.01833e-07 3.69179e-08 7.21929e-08 6.74062e-08 3.63183e-08 2.76174e-08 3.51758e-08 5.36592e-08 5.99925e-08 4.13551e-08 5.2525e-08 4.32759e-08 0.999981 5.02811e-08 3.9528e-08 5.91986e-08 5.3023e-08 9.13615e-08 6.6802e-08 4.26976e-08 
7.35567e-07 1.17517e-06 6.82432e-07 8.55802e-07 6.26363e-07 5.7727e-07 1.01112e-06 5.37964e-07 1.17517e-06 1.32575e-06 3.92182e-06 7.17354e-07 1.40278e-06 1.30977e-06 7.05703e-07 5.36636e-07 6.83503e-07 0.000447993 1.16572e-06 8.03574e-07 1.02062e-06 0.999522 1.12353e-06 9.77014e-07 7.68071e-07 1.15029e-06 1.03029e-06 1.77525e-06 1.29803e-06 8.29659e-07 
1.6165e-07 2.58259e-07 1.49973e-07 1.88073e-07 1.37651e-07 1.26862e-07 2.22205e-07 1.18224e-07 2.58259e-07 2.9135e-07 8.61867e-07 1.57647e-07 3.08279e-07 2.87839e-07 1.55087e-07 1.17932e-07 1.50208e-07 2.29136e-07 2.5618e-07 1.76595e-07 2.24293e-07 1.84797e-07 2.46908e-07 2.14711e-07 1.68793e-07 2.5279e-07 2.26419e-07 0.999993 2.85258e-07 1.82327e-07 
1.05505e-07 0.000106059 9.78837e-08 1.22751e-07 8.98416e-08 8.28e-08 1.45028e-07 7.71621e-08 1.68559e-07 1.90157e-07 5.62521e-07 1.02893e-07 2.01207e-07 1.87866e-07 1.01222e-07 7.69716e-08 9.80373e-08 1.49552e-07 1.67203e-07 1.1526e-07 1.46391e-07 1.20613e-07 1.61151e-07 1.40137e-07 1.10167e-07 1.6499e-07 0.999759 0.000131112 1.86182e-07 1.19001e-07 
9.70318e-08 1.55022e-07 9.00225e-08 0.999909 8.26262e-08 7.61502e-08 2.98763e-05 7.0965e-08 1.55022e-07 1.74885e-07 5.17344e-07 9.46292e-08 1.85047e-07 1.72778e-07 9.30923e-08 7.07899e-08 9.01638e-08 1.37541e-07 1.53775e-07 1.06003e-07 1.34634e-07 1.10926e-07 1.48209e-07 1.28882e-07 1.01319e-07 1.5174e-07 1.3591e-07 2.34181e-07 1.71229e-07 5.70547e-05 
1.36552e-06 2.18162e-06 1.26688e-06 1.58873e-06 1.1628e-06 1.07166e-06 1.87706e-06 9.98688e-07 2.18162e-06 2.46115e-06 7.28056e-06 1.33171e-06 2.60416e-06 2.43149e-06 1.31008e-06 9.96223e-07 1.26887e-06 1.93561e-06 2.16406e-06 1.49177e-06 1.8947e-06 1.56106e-06 2.08574e-06 1.81375e-06 1.42586e-06 2.13543e-06 0.999943 3.29562e-06 2.4097e-06 1.5402e-06 
1.35171e-05 1.00191e-07 5.21717e-06 7.29629e-08 5.34017e-08 4.92162e-08 8.62044e-08 4.5865e-08 1.00191e-07 1.08374e-05 3.34362e-07 0.994762 0.0024094 0.00270044 1.13744e-05 9.20705e-06 5.82732e-08 8.88933e-08 9.93852e-08 6.85101e-08 1.83184e-05 7.16921e-08 9.57881e-08 8.32971e-08 6.54832e-08 9.80701e-08 8.78394e-08 1.51352e-07 4.23458e-05 1.56646e-05 
3.36889e-08 5.38228e-08 3.12553e-08 3.91956e-08 2.86874e-08 4.71195e-06 4.6309e-08 5.63138e-06 5.38228e-08 6.07192e-08 1.79619e-07 3.28547e-08 6.42474e-08 5.99875e-08 0.00058321 6.8304e-06 2.45846e-06 4.77534e-08 0.99786 7.01597e-06 4.67441e-08 3.8513e-08 0.000115289 0.00138496 7.82792e-06 5.26832e-08 4.71873e-08 2.14472e-05 5.94497e-08 3.79983e-08 
1.0124e-07 1.61745e-07 3.87323e-05 1.17788e-07 5.07448e-05 7.94524e-08 0.999906 7.40425e-08 1.61745e-07 1.82469e-07 5.39779e-07 9.87328e-08 1.93072e-07 1.8027e-07 9.71292e-08 7.38597e-08 9.40737e-08 1.43505e-07 1.60443e-07 1.106e-07 1.40472e-07 1.15737e-07 1.54636e-07 1.34471e-07 1.05713e-07 1.5832e-07 1.41804e-07 2.44336e-07 1.78654e-07 1.1419e-07 
5.46219e-07 8.72663e-07 5.06762e-07 6.35504e-07 4.65127e-07 0.000339499 7.50837e-07 3.99482e-07 8.72663e-07 9.8448e-07 2.91228e-06 5.32695e-07 1.04168e-06 9.72615e-07 0.000544568 0.000492906 0.996234 7.74257e-07 0.000728367 5.9672e-07 7.57892e-07 6.24436e-07 8.34311e-07 0.00107673 0.000564497 8.54186e-07 7.65077e-07 1.31827e-06 9.63896e-07 6.1609e-07 
8.12e-08 1.29729e-07 7.53344e-08 9.44729e-08 6.91449e-08 6.37255e-08 1.11618e-07 5.93864e-08 1.29729e-07 1.46351e-07 4.32934e-07 7.91895e-08 1.54855e-07 1.44587e-07 7.79033e-08 0.999993 7.54526e-08 1.151e-07 1.28685e-07 8.87074e-08 1.12667e-07 4.05001e-06 1.24027e-07 1.07854e-07 8.47882e-08 1.26982e-07 1.13735e-07 1.95972e-07 1.43291e-07 9.15869e-08 
1.5322e-05 3.81928e-08 2.21788e-08 2.78133e-08 2.03566e-08 1.87611e-08 3.2861e-08 1.74837e-08 3.81928e-08 4.30865e-08 0.999984 2.33138e-08 4.55901e-08 4.25673e-08 2.29351e-08 1.74405e-08 2.22136e-08 3.38859e-08 3.78854e-08 2.61159e-08 3.31697e-08 2.73289e-08 3.65142e-08 3.17527e-08 2.49621e-08 3.73841e-08 3.34842e-08 5.76951e-08 4.21857e-08 2.69637e-08 
3.28677e-08 1.11647e-05 3.04934e-08 5.80654e-06 2.79881e-08 2.57944e-08 4.51801e-08 2.40381e-08 5.25108e-08 0.999982 1.7524e-07 3.20538e-08 6.26812e-08 5.85252e-08 3.15332e-08 2.39787e-08 3.05413e-08 4.65894e-08 5.20882e-08 3.59065e-08 4.56046e-08 3.75742e-08 5.0203e-08 4.36564e-08 3.432e-08 5.1399e-08 4.6037e-08 7.93243e-08 5.80006e-08 3.7072e-08 
1.76794e-06 2.82453e-06 1.64023e-06 2.05692e-06 1.50547e-06 1.38747e-06 2.43022e-06 1.293e-06 2.82453e-06 3.18645e-06 9.42611e-06 1.72416e-06 3.3716e-06 3.14805e-06 0.00099746 1.28981e-06 1.6428e-06 2.50602e-06 0.00217401 1.93139e-06 2.45305e-06 2.0211e-06 2.7004e-06 0.996759 1.84606e-06 2.76473e-06 2.47631e-06 4.26682e-06 3.11983e-06 1.99409e-06 
1.06748e-05 1.16627e-07 6.77264e-08 8.49322e-08 6.2162e-08 0.996884 6.72456e-06 1.12367e-05 1.16627e-07 1.31571e-07 3.89212e-07 7.11922e-08 1.39216e-07 0.000664502 2.03089e-05 0.000336828 2.25521e-05 1.03476e-07 2.71793e-05 7.97489e-08 1.01289e-07 8.34529e-08 1.50343e-05 4.01252e-05 0.00195882 1.14158e-07 1.02249e-07 1.76181e-07 1.2882e-07 8.23376e-08 
1.55471e-06 2.48387e-06 1.4424e-06 1.80884e-06 1.32389e-06 1.22013e-06 2.13711e-06 1.13705e-06 2.48387e-06 2.80213e-06 8.28923e-06 1.51621e-06 2.96495e-06 0.999936 1.49159e-06 1.13424e-06 1.44466e-06 2.20377e-06 2.46388e-06 1.69845e-06 2.15719e-06 1.77733e-06 2.3747e-06 2.06503e-06 1.62341e-06 2.43128e-06 2.17764e-06 3.7522e-06 2.74354e-06 1.75358e-06 
5.54732e-08 8.86263e-08 5.1466e-08 1.52206e-05 4.72375e-08 9.70066e-06 5.09489e-06 8.31275e-06 8.86263e-08 9.99822e-08 2.95766e-07 1.07358e-05 1.05792e-07 9.87773e-08 0.00160902 1.40677e-05 5.05406e-06 7.86323e-08 2.0808e-05 1.66056e-05 7.69703e-08 6.34167e-08 1.65174e-05 4.778e-05 0.99636 8.67498e-08 0.00185918 1.33881e-07 9.78918e-08 6.25691e-08 
4.6653e-08 7.45348e-08 4.3283e-08 5.42789e-08 3.97268e-08 3.66131e-08 6.41296e-08 3.41201e-08 7.45348e-08 8.40852e-08 2.4874e-07 1.48957e-05 2.08315e-05 8.30718e-08 4.47589e-08 3.40359e-08 4.33509e-08 6.61299e-08 7.39351e-08 1.55723e-05 0.999916 1.75666e-05 7.12591e-08 6.19667e-08 4.87145e-08 1.36716e-05 6.53458e-08 1.12594e-07 8.23271e-08 5.26207e-08 
4.20162e-07 6.71269e-07 0.999163 4.88842e-07 3.57784e-07 3.29742e-07 5.77558e-07 3.0729e-07 6.71269e-07 7.57281e-07 2.24018e-06 4.09759e-07 8.01283e-07 7.48155e-07 4.03104e-07 3.06531e-07 3.90423e-07 0.000185745 6.65868e-07 4.59009e-07 5.82985e-07 4.80328e-07 0.00028537 5.58079e-07 9.78604e-05 6.57057e-07 5.88512e-07 1.01404e-06 7.41448e-07 0.00025278 
7.19542e-08 1.14957e-07 6.67565e-08 1.24302e-05 6.12718e-08 2.38399e-05 8.20293e-06 5.26244e-08 1.14957e-07 1.29687e-07 3.83638e-07 2.61023e-05 1.37222e-07 1.28124e-07 0.999879 5.24945e-08 6.68613e-08 2.58819e-05 1.14032e-07 7.86068e-08 9.98382e-08 8.22578e-08 1.09905e-07 9.5573e-08 2.22367e-05 1.12523e-07 1.00785e-07 1.73658e-07 1.26975e-07 8.11584e-08 
2.19411e-07 3.5054e-07 2.03561e-07 0.98486 1.86837e-07 1.72193e-07 5.53644e-05 1.60468e-07 3.5054e-07 0.000387639 1.16983e-06 0.000117409 4.18434e-07 3.9069e-07 0.000130876 1.60072e-07 2.03881e-07 3.11012e-07 3.4772e-07 2.39697e-07 3.04438e-07 2.5083e-07 0.000184032 2.91432e-07 0.0141078 0.00014985 3.07324e-07 5.29536e-07 3.87188e-07 2.47477e-07 
9.5468e-07 1.52524e-06 0.000472226 1.11073e-06 8.12946e-07 7.49229e-07 1.31231e-06 6.98214e-07 1.52524e-06 1.72067e-06 5.09006e-06 9.31041e-07 1.82065e-06 1.69993e-06 9.1592e-07 6.9649e-07 8.87107e-07 0.000631474 1.51296e-06 1.04295e-06 1.32464e-06 1.09139e-06 1.4582e-06 1.26805e-06 0.998858 1.49294e-06 1.3372e-06 2.30407e-06 1.68469e-06 1.0768e-06 
1.01787e-06 1.6262e-06 9.44347e-07 1.18426e-06 8.66759e-07 7.98824e-07 1.39918e-06 7.44432e-07 1.6262e-06 1.83457e-06 5.427e-06 9.92671e-07 1.94117e-06 1.81246e-06 9.76549e-07 7.42594e-07 9.45829e-07 1.44282e-06 0.00244454 1.11198e-06 1.41232e-06 1.16363e-06 0.997515 1.35199e-06 1.06285e-06 1.59177e-06 1.42571e-06 2.45658e-06 1.79621e-06 1.14808e-06 
5.96551e-08 9.53076e-08 5.53458e-08 6.94063e-08 5.07986e-08 1.3189e-05 8.20024e-08 4.36293e-08 9.53076e-08 1.0752e-07 3.18063e-07 5.8178e-08 1.13767e-07 1.06224e-07 5.72331e-08 4.35216e-08 0.999974 8.45602e-08 9.45406e-08 6.51706e-08 8.27728e-08 6.81975e-08 9.11189e-08 7.92367e-08 6.22912e-08 9.32896e-08 8.35576e-08 1.43974e-07 1.05272e-07 1.07404e-05 
2.08417e-06 3.32977e-06 1.93362e-06 2.42485e-06 1.77475e-06 1.63565e-06 2.86492e-06 1.52428e-06 3.32977e-06 3.75642e-06 1.11122e-05 2.03257e-06 3.97469e-06 3.71115e-06 1.99956e-06 1.52052e-06 1.93665e-06 2.95428e-06 3.30297e-06 2.27687e-06 2.89184e-06 2.38262e-06 3.18343e-06 0.999913 2.17627e-06 3.25926e-06 2.91926e-06 5.03004e-06 3.67788e-06 2.35078e-06 
1.19232e-07 1.9049e-07 1.10619e-07 1.38721e-07 1.0153e-07 0.999914 1.63897e-07 8.72012e-08 1.9049e-07 2.14898e-07 6.35707e-07 1.16279e-07 2.27384e-07 2.12308e-07 1.14391e-07 3.1254e-05 1.10792e-07 1.69009e-07 1.88957e-07 4.971e-05 1.65437e-07 1.36305e-07 1.82118e-07 1.58369e-07 1.245e-07 1.86456e-07 1.67005e-07 2.87759e-07 2.10404e-07 1.34483e-07 
4.57245e-07 7.30514e-07 4.24215e-07 5.31986e-07 0.998008 3.58844e-07 6.28532e-07 0.000296432 0.000550528 8.24116e-07 2.43789e-06 4.45923e-07 8.72002e-07 8.14185e-07 4.38681e-07 3.33585e-07 4.24881e-07 6.48137e-07 7.24636e-07 4.9952e-07 6.34438e-07 5.2272e-07 6.98409e-07 0.000378269 0.000359815 7.15047e-07 6.40453e-07 1.10354e-06 8.06886e-07 0.00038992 
7.14424e-08 3.89501e-05 6.62817e-08 8.31203e-08 0.999896 5.60678e-08 1.87132e-05 5.22501e-08 1.14139e-07 1.28764e-07 3.80909e-07 6.96735e-08 1.36246e-07 1.27213e-07 6.85419e-08 5.21211e-08 6.63857e-08 1.01268e-07 1.13221e-07 2.43296e-05 9.9128e-08 8.16727e-08 1.09123e-07 9.48932e-08 7.45994e-08 1.9689e-05 1.00068e-07 1.72422e-07 1.26072e-07 8.05811e-08 
1.34645e-06 2.15114e-06 0.00370995 1.56654e-06 1.14655e-06 1.05669e-06 1.85084e-06 9.84737e-07 2.15114e-06 2.42677e-06 7.17885e-06 1.31311e-06 2.56778e-06 0.996235 1.29178e-06 9.82306e-07 1.25114e-06 1.90857e-06 2.13383e-06 1.47093e-06 1.86823e-06 1.53925e-06 2.0566e-06 1.78841e-06 1.40595e-06 2.1056e-06 1.88594e-06 3.24958e-06 2.37603e-06 1.51868e-06 
1.45627e-07 2.3266e-07 1.35108e-07 1.69431e-07 1.24007e-07 1.14288e-07 2.0018e-07 1.06506e-07 2.3266e-07 2.62472e-07 7.76441e-07 1.42022e-07 2.77723e-07 2.59309e-07 1.39715e-07 1.06243e-07 1.3532e-07 0.999994 2.30788e-07 1.59091e-07 2.02061e-07 1.66481e-07 2.22435e-07 1.93429e-07 1.52062e-07 2.27734e-07 2.03977e-07 3.51464e-07 2.56984e-07 1.64256e-07 
1.2817e-05 5.01833e-08 2.91418e-08 7.92035e-06 2.67475e-08 2.46511e-08 4.31776e-08 2.29726e-08 5.01833e-08 5.66134e-08 1.67473e-07 8.78031e-06 1.22888e-05 3.60186e-06 3.01356e-08 2.29159e-08 2.91876e-08 9.64188e-06 4.97795e-08 1.11719e-05 4.35833e-08 3.59087e-08 4.79778e-08 4.17214e-08 3.27988e-08 4.91208e-08 8.97696e-06 7.58083e-08 0.999916 7.37297e-06 
6.39019e-08 1.02092e-07 5.92858e-08 7.43472e-08 0.999943 5.015e-08 8.784e-08 4.67352e-08 1.02092e-07 1.15174e-07 3.40705e-07 6.23196e-08 1.21866e-07 1.13786e-07 1.56445e-05 4.66199e-08 5.93789e-08 9.05799e-08 1.01271e-07 2.12186e-05 8.86653e-08 7.30524e-08 9.76055e-08 8.48775e-08 6.67256e-08 1.75598e-05 8.9506e-08 1.54224e-07 1.12766e-07 7.2076e-08 
1.0928e-05 8.2783e-08 4.80727e-08 6.02854e-08 4.41231e-08 4.06648e-08 7.12262e-08 3.78959e-08 8.2783e-08 9.33902e-08 2.76266e-07 5.05327e-08 9.88166e-08 9.22647e-08 4.9712e-08 3.78023e-08 4.81481e-08 7.34479e-08 8.21168e-08 1.43559e-05 1.83166e-05 0.999925 7.91447e-08 1.54782e-05 5.41054e-08 8.10302e-08 1.42794e-05 1.25054e-07 9.14376e-08 5.84438e-08 
0.9955 9.23702e-08 9.76003e-06 6.72672e-08 4.9233e-08 4.53742e-08 3.10339e-05 0.00155465 9.23702e-08 1.04206e-07 6.415e-05 1.28706e-05 0.00273795 1.0295e-07 5.54692e-08 1.69546e-05 5.37243e-08 8.19541e-08 9.1627e-08 2.54912e-05 8.02218e-08 6.60957e-08 8.83107e-08 4.47437e-06 1.50347e-05 9.04145e-08 8.09824e-08 1.39537e-07 2.59728e-05 6.52123e-08 
6.69533e-08 1.06967e-07 6.21168e-08 1.69056e-05 5.70133e-08 5.25447e-08 1.28732e-05 4.89669e-08 1.06967e-07 1.20673e-07 3.56975e-07 6.52955e-08 1.27685e-07 1.19219e-07 6.4235e-08 4.8846e-08 6.22143e-08 9.49052e-08 1.06107e-07 7.31435e-08 9.28992e-08 7.65407e-08 1.02266e-07 8.89305e-08 6.99118e-08 1.04703e-07 9.378e-08 1.61588e-07 3.53498e-05 0.999932 
4.2012e-08 0.999938 3.89772e-08 4.88792e-08 1.36965e-05 3.29708e-08 5.775e-08 3.07258e-08 6.71201e-08 1.8381e-05 2.23995e-07 4.09717e-08 8.01201e-08 7.48078e-08 4.03063e-08 3.065e-08 3.90383e-08 5.95513e-08 6.658e-08 4.58962e-08 5.82926e-08 4.80279e-08 1.51808e-05 5.58023e-08 4.38684e-08 6.5699e-08 1.31176e-05 1.01394e-07 7.41372e-08 4.7386e-08 
1.97665e-07 3.15797e-07 1.83386e-07 0.000136509 1.68319e-07 1.55127e-07 0.999468 1.44564e-07 3.15797e-07 3.56261e-07 1.05389e-06 1.9277e-07 3.76962e-07 3.51968e-07 1.89639e-07 1.44207e-07 1.83674e-07 2.80186e-07 3.13256e-07 2.1594e-07 2.74264e-07 2.25969e-07 3.01918e-07 0.00018931 2.06399e-07 3.09111e-07 2.76864e-07 4.77053e-07 3.48813e-07 0.000198398 
0.997044 1.05239e-07 6.11131e-08 0.00272875 5.6092e-08 5.16957e-08 2.61816e-05 4.81757e-08 3.09185e-05 1.18724e-07 3.51207e-07 6.42404e-08 1.25622e-07 1.17293e-07 6.31971e-08 2.07543e-05 6.1209e-08 9.33717e-08 1.04392e-07 7.19616e-08 9.13981e-08 2.09568e-05 7.32378e-06 2.2922e-05 6.87822e-08 1.78516e-05 2.35028e-05 1.58977e-07 4.06706e-05 1.45768e-05 
1.43938e-07 2.29962e-07 4.12843e-05 4.02661e-05 1.22569e-07 0.000113213 1.97858e-07 8.11639e-05 2.29962e-07 2.59427e-07 7.67435e-07 1.40374e-07 2.74501e-07 5.94745e-05 1.38094e-07 1.05011e-07 1.3375e-07 2.0403e-07 2.28111e-07 1.57246e-07 1.99718e-07 0.000133204 0.999387 1.91185e-07 6.41288e-05 2.25093e-07 2.01611e-07 3.47387e-07 2.54003e-07 7.52051e-05 
8.41003e-08 1.34362e-07 7.80252e-08 1.7414e-05 7.16146e-08 6.60016e-08 1.14816e-05 6.15075e-08 1.34362e-07 1.51578e-07 4.48397e-07 0.995836 1.60386e-07 1.49752e-07 0.00405733 6.13557e-08 7.81476e-08 1.19211e-07 1.33281e-07 9.18758e-08 1.16691e-07 9.61431e-08 1.28457e-07 1.11706e-07 3.11697e-05 4.33985e-05 1.17797e-07 2.02971e-07 1.48409e-07 9.48582e-08 
1.38176e-06 2.20756e-06 1.28195e-06 1.60762e-06 1.17662e-06 1.0844e-06 1.89938e-06 1.01056e-06 2.20756e-06 2.49042e-06 7.36714e-06 1.34755e-06 2.63513e-06 2.46041e-06 1.32566e-06 1.00807e-06 1.28396e-06 1.95863e-06 2.1898e-06 1.50951e-06 1.91723e-06 1.57963e-06 2.11054e-06 1.83532e-06 1.44282e-06 2.16082e-06 1.9354e-06 3.33481e-06 2.43835e-06 0.999942 
5.69091e-08 9.09203e-08 5.27981e-08 6.62114e-08 1.77454e-05 9.42918e-06 7.82276e-08 4.1621e-08 9.09203e-08 1.0257e-07 3.03422e-07 1.13761e-05 1.0853e-07 1.01334e-07 0.997231 1.36728e-05 4.91418e-06 8.06677e-08 0.00115096 6.21706e-08 7.89626e-08 1.71696e-05 8.69245e-08 0.00152647 1.56673e-05 8.89953e-08 7.97113e-08 1.37347e-07 1.00426e-07 6.41887e-08 
3.63042e-08 5.80011e-08 3.22313e-06 4.22384e-08 3.09144e-08 2.84914e-08 4.9904e-08 2.65514e-08 5.80011e-08 6.54329e-08 1.93563e-07 1.48325e-05 1.97376e-05 0.999945 3.48302e-08 2.64859e-08 3.37345e-08 1.63331e-05 5.75344e-08 3.96607e-08 5.03729e-08 4.15028e-08 5.5452e-08 4.82209e-08 3.79084e-08 5.67731e-08 5.08505e-08 8.76182e-08 6.40649e-08 4.09481e-08 
1.29048e-05 7.32238e-08 4.25216e-08 1.4183e-05 3.90281e-08 3.59691e-08 6.30016e-08 3.352e-08 7.32238e-08 8.26062e-08 2.44365e-07 4.46976e-08 8.74061e-08 8.16107e-08 4.39716e-08 3.34372e-08 4.25884e-08 6.49667e-08 7.26346e-08 5.00699e-08 6.35935e-08 1.47671e-05 7.00057e-08 6.08768e-08 2.86799e-05 7.16735e-08 0.9999 1.10614e-07 2.78154e-05 5.16952e-08 
1.72584e-06 2.75727e-06 1.60117e-06 2.00794e-06 1.46962e-06 1.35443e-06 2.37235e-06 1.26221e-06 2.75727e-06 3.11057e-06 9.20164e-06 1.6831e-06 3.29131e-06 3.07308e-06 1.65577e-06 0.00199493 1.60368e-06 2.44635e-06 2.73508e-06 1.8854e-06 2.39464e-06 0.997934 2.63609e-06 2.29234e-06 1.8021e-06 2.69889e-06 2.41734e-06 4.16521e-06 3.04553e-06 1.9466e-06 
1.04806e-05 4.74766e-08 2.06596e-06 3.45741e-08 2.53049e-08 2.33215e-08 4.08488e-08 2.17336e-08 1.04911e-05 5.35599e-08 1.5844e-07 1.30058e-05 0.999928 1.11376e-05 2.85102e-08 4.25154e-06 2.76133e-08 4.21229e-08 4.70946e-08 3.24642e-08 7.60756e-06 3.3972e-08 4.53901e-08 3.94711e-08 3.10298e-08 4.64714e-08 4.16235e-08 7.17196e-08 1.23634e-05 3.3518e-08 
0.013913 2.27047e-07 1.31848e-07 5.4823e-05 1.21015e-07 1.1153e-07 1.9535e-07 1.03936e-07 9.13654e-05 2.56139e-07 7.57706e-07 5.37017e-05 2.71022e-07 2.53052e-07 1.36344e-07 0.98579 1.32055e-07 2.01444e-07 2.2522e-07 1.55253e-07 1.97186e-07 1.62464e-07 2.68576e-05 1.88762e-07 1.48393e-07 6.56826e-05 1.99055e-07 3.42983e-07 2.50783e-07 1.60292e-07 