0 36 0 1
1 36 0 1
2 36 0 1
3 36 0 1
3 36 0 1
4 36 0 1
5 36 0 1
6 36 0 1
7 36 0 1
8 36 0 1
9 36 0 1
10 36 0 1
11 36 0 1
12 36 0 1
13 36 0 1
14 36 0 1
15 36 0 1
16 36 0 1
17 36 0 1
18 36 0 1
19 18 1 1
20 18 1 1
21 18 1 1
22 18 1 1
23 18 1 1
24 18 1 1
25 18 1 1
26 18 1 1
26 18 1 1
27 18 1 1
28 18 1 1
26 18 1 1
29 18 1 1
26 18 1 1
30 18 1 1
31 18 1 1
24 18 1 1
32 18 1 1
31 18 1 1
33 18 1 1
20 18 1 1
34 18 1 1
24 18 1 1
26 18 1 1
24 18 1 1
35 18 1 1
31 18 1 1
31 18 1 1
24 18 1 1
24 18 1 1
31 18 1 1
36 18 1 1
26 18 1 1
37 18 1 1
27 18 1 1
38 18 1 1
31 18 1 1
24 18 1 1
38 18 1 1
39 72 2 1
40 72 2 1
41 72 2 1
42 72 2 1
43 72 2 1
44 72 2 1
45 72 2 1
46 72 2 1
47 72 2 1
48 72 2 1
49 72 2 1
50 72 2 1
51 72 2 1
51 72 2 1
52 72 2 1
53 72 2 1
54 72 2 1
55 72 2 1
56 72 2 1
57 72 2 1
58 72 2 1
58 72 2 1
59 72 2 1
60 72 2 1
61 72 2 1
62 72 2 1
63 72 2 1
64 72 2 1
65 72 2 1
66 72 2 1
67 72 2 1
68 72 2 1
69 72 2 1
70 72 2 1
71 72 2 1
72 72 2 1
73 72 2 1
74 72 2 1
75 72 2 1
76 72 2 1
77 72 2 1
78 72 2 1
79 72 2 1
80 72 2 1
81 72 2 1
82 72 2 1
83 72 2 1
84 72 2 1
85 72 2 1
86 72 2 1
87 72 2 1
88 72 2 1
89 72 2 1
90 72 2 1
91 72 2 1
92 72 2 1
93 72 2 1
94 72 2 1
95 72 2 1
96 72 2 1
97 72 2 1
98 72 2 1
99 72 2 1
100 72 2 1
101 72 2 1
102 72 2 1
103 72 2 1
104 72 2 1
105 72 2 1
106 72 2 1
107 72 2 1
108 72 2 1
109 72 2 1
110 72 2 1
111 72 2 1
112 72 2 1
102 72 2 1
113 72 2 1
114 72 2 1
115 72 2 1
116 72 2 1
117 72 2 1
118 72 2 1
119 72 2 1
120 72 2 1
121 72 2 1
122 72 2 1
123 72 2 1
124 72 2 1
125 72 2 1
126 72 2 1
127 72 2 1
128 72 2 1
129 72 2 1
130 72 2 1
131 72 2 1
132 72 2 1
133 66 3 1
134 66 3 1
135 66 3 1
136 66 3 1
137 66 3 1
138 66 3 1
139 66 3 1
140 66 3 1
141 66 3 1
142 66 3 1
143 66 3 1
144 66 3 1
145 66 3 1
146 66 3 1
147 66 3 1
148 66 3 1
149 66 3 1
150 66 3 1
151 66 3 1
152 66 3 1
153 66 3 1
154 66 3 1
155 66 3 1
156 66 3 1
157 66 3 1
158 66 3 1
159 66 3 1
160 66 3 1
161 66 3 1
162 66 3 1
163 66 3 1
163 66 3 1
164 66 3 1
164 66 3 1
165 66 3 1
166 66 3 1
167 66 3 1
168 66 3 1
169 66 3 1
170 66 3 1
171 66 3 1
172 66 3 1
173 66 3 1
174 66 3 1
175 66 3 1
176 66 3 1
177 66 3 1
178 30 4 1
179 30 4 1
180 30 4 1
181 30 4 1
182 30 4 1
183 30 4 1
184 30 4 1
185 30 4 1
186 30 4 1
187 30 4 1
188 30 4 1
189 30 4 1
190 30 4 1
191 30 4 1
192 30 4 1
193 30 4 1
194 30 4 1
195 30 4 1
196 30 4 1
197 30 4 1
198 30 4 1
199 30 4 1
200 30 4 1
201 30 4 1
202 30 4 1
203 30 4 1
204 30 4 1
205 30 4 1
206 30 4 1
207 30 4 1
208 30 4 1
209 30 4 1
210 30 4 1
211 30 4 1
212 30 4 1
213 30 4 1
214 30 4 1
215 30 4 1
216 30 4 1
217 30 4 1
218 30 4 1
219 30 4 1
220 30 4 1
221 30 4 1
222 30 4 1
223 30 4 1
224 30 4 1
225 30 4 1
226 30 4 1
227 30 4 1
228 30 4 1
229 30 4 1
230 30 4 1
231 30 4 1
222 30 4 1
232 30 4 1
233 30 4 1
234 30 4 1
235 30 4 1
236 30 4 1
237 30 4 1
238 30 4 1
239 30 4 1
250 82 5 1
251 82 5 1
252 82 5 1
253 82 5 1
254 82 5 1
255 82 5 1
256 82 5 1
257 82 5 1
258 82 5 1
259 82 5 1
260 82 5 1
261 82 5 1
262 82 5 1
263 82 5 1
264 82 5 1
265 82 5 1
266 82 5 1
267 82 5 1
268 82 5 1
269 82 5 1
270 82 5 1
271 82 5 1
272 82 5 1
273 82 5 1
274 82 5 1
275 82 5 1
276 82 5 1
277 82 5 1
278 82 5 1
279 82 5 1
280 82 5 1
281 82 5 1
282 82 5 1
283 82 5 1
284 82 5 1
285 82 5 1
286 82 5 1
287 82 5 1
288 82 5 1
289 82 5 1
290 82 5 1
291 82 5 1
292 12 6 1
293 12 6 1
294 12 6 1
295 12 6 1
296 12 6 1
297 12 6 1
298 12 6 1
299 12 6 1
300 12 6 1
301 12 6 1
302 12 6 1
303 12 6 1
304 12 6 1
305 12 6 1
306 12 6 1
307 12 6 1
308 12 6 1
309 12 6 1
310 12 6 1
311 12 6 1
312 12 6 1
313 12 6 1
314 12 6 1
315 12 6 1
316 12 6 1
317 12 6 1
318 12 6 1
319 12 6 1
320 12 6 1
321 12 6 1
321 12 6 1
322 12 6 1
321 12 6 1
321 12 6 1
323 12 6 1
324 65 7 1
325 65 7 1
326 65 7 1
327 65 7 1
328 65 7 1
329 65 7 1
330 65 7 1
331 65 7 1
332 65 7 1
333 65 7 1
334 65 7 1
335 65 7 1
336 65 7 1
337 65 7 1
338 65 7 1
339 65 7 1
340 65 7 1
341 65 7 1
342 65 7 1
343 65 7 1
344 65 7 1
345 65 7 1
346 65 7 1
347 65 7 1
348 65 7 1
349 65 7 1
350 65 7 1
351 65 7 1
331 65 7 1
352 65 7 1
353 65 7 1
354 65 7 1
355 65 7 1
356 65 7 1
357 65 7 1
358 65 7 1
358 65 7 1
359 65 7 1
360 65 7 1
361 65 7 1
362 65 7 1
363 65 7 1
364 65 7 1
365 65 7 1
366 65 7 1
367 65 7 1
368 65 7 1
369 65 7 1
370 65 7 1
371 65 7 1
372 65 7 1
373 65 7 1
374 65 7 1
375 65 7 1
376 65 7 1
377 65 7 1
378 65 7 1
379 65 7 1
380 65 7 1
381 65 7 1
382 65 7 1
383 65 7 1
358 65 7 1
358 65 7 1
358 65 7 1
358 65 7 1
384 65 7 1
385 65 7 1
386 65 7 1
387 65 7 1
388 65 7 1
389 65 7 1
390 65 7 1
391 49 8 1
392 49 8 1
393 49 8 1
394 49 8 1
395 49 8 1
396 49 8 1
397 49 8 1
398 49 8 1
399 49 8 1
400 49 8 1
401 49 8 1
402 49 8 1
403 49 8 1
404 49 8 1
405 49 8 1
406 49 8 1
407 49 8 1
408 49 8 1
409 49 8 1
410 49 8 1
411 49 8 1
412 49 8 1
413 49 8 1
414 49 8 1
415 49 8 1
416 49 8 1
417 49 8 1
418 49 8 1
419 49 8 1
420 49 8 1
421 49 8 1
422 49 8 1
423 49 8 1
424 49 8 1
425 49 8 1
426 49 8 1
427 49 8 1
428 49 8 1
429 49 8 1
430 49 8 1
431 49 8 1
432 49 8 1
433 49 8 1
434 49 8 1
435 49 8 1
435 49 8 1
436 49 8 1
437 49 8 1
438 5 9 1
439 5 9 1
439 5 9 1
440 5 9 1
441 5 9 1
442 5 9 1
443 5 9 1
444 5 9 1
445 5 9 1
446 5 9 1
447 5 9 1
448 5 9 1
449 5 9 1
450 5 9 1
451 5 9 1
452 5 9 1
453 5 9 1
454 5 9 1
455 5 9 1
456 5 9 1
457 5 9 1
458 5 9 1
459 5 9 1
460 5 9 1
461 5 9 1
462 5 9 1
463 5 9 1
464 5 9 1
465 5 9 1
466 5 9 1
467 5 9 1
468 5 9 1
469 5 9 1
470 5 9 1
471 5 9 1
472 5 9 1
473 5 9 1
474 5 9 1
475 5 9 1
476 5 9 1
477 5 9 1
478 5 9 1
479 5 9 1
480 5 9 1
481 5 9 1
482 5 9 1
483 5 9 1
484 5 9 1
485 5 9 1
486 5 9 1
487 5 9 1
488 5 9 1
489 5 9 1
490 5 9 1
491 5 9 1
492 5 9 1
493 5 9 1
494 5 9 1
494 5 9 1
495 5 9 1
496 5 9 1
497 5 9 1
498 5 9 1
499 5 9 1
500 5 9 1
501 5 9 1
502 5 9 1
503 5 9 1
504 5 9 1
505 5 9 1
506 5 9 1
507 5 9 1
508 5 9 1
509 5 9 1
510 5 9 1
511 5 9 1
512 5 9 1
513 5 9 1
444 5 9 1
514 5 9 1
515 5 9 1
516 5 9 1
517 5 9 1
518 5 9 1
519 5 9 1
520 5 9 1
521 5 9 1
522 5 9 1
523 5 9 1
524 5 9 1
525 5 9 1
526 5 9 1
527 5 9 1
528 5 9 1
529 5 9 1
530 5 9 1
531 5 9 1
532 5 9 1
533 5 9 1
534 5 9 1
535 5 9 1
536 5 9 1
520 5 9 1
537 5 9 1
538 5 9 1
539 5 9 1
540 5 9 1
541 5 9 1
542 5 9 1
453 5 9 1
543 5 9 1
544 5 9 1
545 5 9 1
546 5 9 1
547 5 9 1
548 5 9 1
549 5 9 1
550 5 9 1
551 5 9 1
552 5 9 1
444 5 9 1
553 5 9 1
554 5 9 1
555 5 9 1
556 5 9 1
557 5 9 1
557 5 9 1
558 5 9 1
559 5 9 1
560 5 9 1
561 5 9 1
562 5 9 1
563 5 9 1
564 5 9 1
565 5 9 1
566 5 9 1
567 5 9 1
567 5 9 1
568 5 9 1
567 5 9 1
567 5 9 1
569 5 9 1
570 5 9 1
571 0 10 1
572 0 10 1
573 0 10 1
574 0 10 1
575 0 10 1
576 0 10 1
577 0 10 1
578 0 10 1
578 0 10 1
579 0 10 1
580 0 10 1
579 0 10 1
579 0 10 1
581 0 10 1
581 0 10 1
582 0 10 1
581 0 10 1
582 0 10 1
574 0 10 1
583 85 11 1
584 85 11 1
585 85 11 1
586 85 11 1
587 85 11 1
588 85 11 1
589 85 11 1
590 85 11 1
591 85 11 1
592 85 11 1
593 85 11 1
594 85 11 1
595 85 11 1
596 85 11 1
597 85 11 1
598 85 11 1
599 85 11 1
600 85 11 1
601 85 11 1
602 85 11 1
603 85 11 1
604 85 11 1
605 85 11 1
606 85 11 1
607 85 11 1
608 85 11 1
609 85 11 1
610 85 11 1
611 85 11 1
612 85 11 1
613 85 11 1
614 85 11 1
615 85 11 1
616 85 11 1
617 85 11 1
618 85 11 1
619 85 11 1
620 85 11 1
621 85 11 1
622 85 11 1
623 85 11 1
622 85 11 1
622 85 11 1
622 85 11 1
624 85 11 1
622 85 11 1
625 85 11 1
626 85 11 1
627 85 11 1
628 85 11 1
628 85 11 1
628 85 11 1
629 85 11 1
630 85 11 1
628 85 11 1
631 85 11 1
632 85 11 1
633 85 11 1
634 85 11 1
635 85 11 1
636 85 11 1
637 85 11 1
638 85 11 1
639 85 11 1
640 85 11 1
641 38 12 1
642 38 12 1
643 38 12 1
644 38 12 1
645 38 12 1
646 38 12 1
647 38 12 1
648 38 12 1
649 38 12 1
650 38 12 1
651 38 12 1
652 38 12 1
653 38 12 1
653 38 12 1
654 38 12 1
655 38 12 1
656 38 12 1
657 38 12 1
658 38 12 1
659 38 12 1
660 38 12 1
661 38 12 1
662 38 12 1
663 38 12 1
664 38 12 1
665 38 12 1
666 38 12 1
667 38 12 1
668 38 12 1
669 38 12 1
670 38 12 1
671 38 12 1
672 38 12 1
673 38 12 1
674 38 12 1
675 38 12 1
676 38 12 1
677 38 12 1
678 38 12 1
679 38 12 1
680 38 12 1
681 38 12 1
682 38 12 1
683 38 12 1
684 38 12 1
685 38 12 1
686 38 12 1
687 38 12 1
688 38 12 1
689 38 12 1
690 38 12 1
691 38 12 1
692 38 12 1
693 38 12 1
694 38 12 1
695 38 12 1
696 38 12 1
697 38 12 1
698 38 12 1
699 76 13 1
700 76 13 1
701 76 13 1
702 76 13 1
703 76 13 1
704 76 13 1
705 76 13 1
706 76 13 1
707 76 13 1
708 76 13 1
709 76 13 1
710 76 13 1
711 76 13 1
712 76 13 1
713 76 13 1
714 76 13 1
715 76 13 1
716 76 13 1
717 76 13 1
718 76 13 1
719 76 13 1
720 76 13 1
721 76 13 1
722 76 13 1
723 76 13 1
724 76 13 1
725 76 13 1
726 76 13 1
727 76 13 1
728 76 13 1
729 76 13 1
730 76 13 1
731 76 13 1
732 76 13 1
733 76 13 1
734 76 13 1
735 76 13 1
736 76 13 1
737 76 13 1
738 76 13 1
739 76 13 1
740 76 13 1
741 76 13 1
742 76 13 1
743 76 13 1
744 76 13 1
745 76 13 1
746 76 13 1
747 76 13 1
748 76 13 1
749 76 13 1
750 76 13 1
751 76 13 1
752 76 13 1
753 76 13 1
754 76 13 1
755 76 13 1
756 76 13 1
757 76 13 1
758 76 13 1
759 76 13 1
760 19 14 1
761 19 14 1
762 19 14 1
763 13 15 1
764 13 15 1
765 13 15 1
766 13 15 1
767 13 15 1
768 13 15 1
769 13 15 1
770 13 15 1
771 13 15 1
772 13 15 1
773 13 15 1
774 13 15 1
775 13 15 1
776 13 15 1
777 13 15 1
778 13 15 1
779 13 15 1
779 13 15 1
780 13 15 1
781 13 15 1
782 13 15 1
783 13 15 1
784 13 15 1
785 13 15 1
786 13 15 1
787 13 15 1
788 13 15 1
788 13 15 1
789 13 15 1
790 13 15 1
791 13 15 1
792 13 15 1
793 13 15 1
794 13 15 1
795 13 15 1
796 13 15 1
797 13 15 1
798 13 15 1
799 44 16 1
800 44 16 1
801 44 16 1
802 44 16 1
803 44 16 1
804 44 16 1
805 44 16 1
806 44 16 1
807 44 16 1
808 44 16 1
809 44 16 1
810 44 16 1
811 44 16 1
812 44 16 1
813 44 16 1
814 44 16 1
815 44 16 1
816 44 16 1
817 44 16 1
818 44 16 1
819 44 16 1
820 44 16 1
821 44 16 1
822 44 16 1
823 44 16 1
824 44 16 1
825 44 16 1
826 44 16 1
827 44 16 1
828 44 16 1
829 44 16 1
830 44 16 1
806 44 16 1
831 19 17 1
832 19 17 1
833 19 17 1
834 19 17 1
835 19 17 1
836 19 17 1
837 19 17 1
838 19 17 1
839 19 17 1
840 19 17 1
841 19 17 1
842 19 17 1
843 19 17 1
844 19 17 1
845 19 17 1
846 19 17 1
847 19 17 1
848 19 17 1
849 19 17 1
850 19 17 1
851 19 17 1
852 19 17 1
852 19 17 1
852 19 17 1
853 19 17 1
854 19 17 1
855 19 17 1
852 19 17 1
856 19 17 1
857 19 17 1
858 19 17 1
859 19 17 1
860 19 17 1
861 19 17 1
862 19 17 1
863 19 17 1
864 19 17 1
865 19 17 1
866 19 17 1
867 19 17 1
868 19 17 1
869 19 17 1
869 19 17 1
870 19 17 1
871 19 17 1
872 19 17 1
873 19 17 1
874 19 17 1
875 19 17 1
876 19 17 1
877 19 17 1
840 19 17 1
878 40 18 1
879 40 18 1
880 40 18 1
881 40 18 1
882 40 18 1
883 40 18 1
884 40 18 1
885 40 18 1
886 40 18 1
886 40 18 1
887 40 18 1
888 40 18 1
889 40 18 1
890 40 18 1
891 40 18 1
892 40 18 1
893 40 18 1
894 40 18 1
895 40 18 1
896 40 18 1
897 40 18 1
898 40 18 1
899 40 18 1
900 40 18 1
901 40 18 1
902 40 18 1
903 40 18 1
904 40 18 1
905 40 18 1
906 40 18 1
907 40 18 1
908 40 18 1
909 40 18 1
910 40 18 1
911 40 18 1
912 40 18 1
911 40 18 1
913 40 18 1
914 40 18 1
915 40 18 1
916 40 18 1
917 40 18 1
918 40 18 1
919 40 18 1
920 40 18 1
921 40 18 1
922 40 18 1
923 40 18 1
924 40 18 1
925 40 18 1
926 40 18 1
927 40 18 1
928 40 18 1
929 40 18 1
930 40 18 1
931 40 18 1
932 40 18 1
933 40 18 1
934 40 18 1
935 40 18 1
936 40 18 1
937 40 18 1
938 40 18 1
939 40 18 1
940 40 18 1
941 40 18 1
942 40 18 1
942 40 18 1
943 40 18 1
944 40 18 1
945 40 18 1
946 40 18 1
947 40 18 1
948 40 18 1
901 40 18 1
949 40 18 1
950 40 18 1
951 40 18 1
952 40 18 1
953 40 18 1
954 40 18 1
955 40 18 1
956 40 18 1
957 40 18 1
958 40 18 1
959 49 19 1
960 49 19 1
961 49 19 1
962 49 19 1
963 49 19 1
964 49 19 1
965 49 19 1
966 49 19 1
967 49 19 1
968 49 19 1
969 49 19 1
970 49 19 1
971 49 19 1
972 49 19 1
973 49 19 1
974 49 19 1
975 49 19 1
976 49 19 1
977 49 19 1
978 49 19 1
979 49 19 1
980 49 19 1
981 49 19 1
982 49 19 1
983 49 19 1
984 49 19 1
985 49 19 1
986 49 19 1
987 49 19 1
988 49 19 1
989 49 19 1
990 49 19 1
991 49 19 1
992 49 19 1
993 49 19 1
994 49 19 1
995 49 19 1
996 49 19 1
997 49 19 1
998 49 19 1
999 49 19 1
1000 49 19 1
1001 49 19 1
1002 10 20 1
1003 10 20 1
1004 10 20 1
1005 10 20 1
1006 10 20 1
1007 10 20 1
1008 10 20 1
1009 10 20 1
1010 10 20 1
1011 10 20 1
1012 10 20 1
1013 10 20 1
1014 10 20 1
1015 10 20 1
1016 10 20 1
1017 10 20 1
1018 10 20 1
1019 10 20 1
1020 10 20 1
1021 10 20 1
1022 10 20 1
1023 10 20 1
1024 10 20 1
1025 10 20 1
1026 10 20 1
1027 10 20 1
1028 10 20 1
1029 10 20 1
1030 10 20 1
1031 10 20 1
1032 10 20 1
1033 10 20 1
1034 10 20 1
1035 10 20 1
1036 10 20 1
1037 10 20 1
1038 10 20 1
1039 10 20 1
1040 10 20 1
1041 10 20 1
1042 10 20 1
1043 10 20 1
1044 10 20 1
1045 10 20 1
1046 10 20 1
1047 10 20 1
1048 10 20 1
1049 10 20 1
1050 10 20 1
1051 10 20 1
1052 10 20 1
1053 10 20 1
1054 10 20 1
1012 10 20 1
1055 10 20 1
1056 10 20 1
1057 10 20 1
1058 10 20 1
1059 10 20 1
1060 10 20 1
1061 10 20 1
1062 10 20 1
1063 10 20 1
1064 10 20 1
1065 10 20 1
1066 10 20 1
1067 10 20 1
1068 10 20 1
1069 10 20 1
1070 10 20 1
1071 10 20 1
1072 10 20 1
1073 10 20 1
1074 10 20 1
1016 10 20 1
1075 11 21 1
1076 11 21 1
1077 11 21 1
1078 11 21 1
1079 11 21 1
1080 11 21 1
1081 11 21 1
1082 11 21 1
1083 11 21 1
1084 11 21 1
1084 11 21 1
1085 11 21 1
1086 11 21 1
1087 11 21 1
1088 11 21 1
1089 11 21 1
1090 11 21 1
1091 11 21 1
1092 11 21 1
1093 11 21 1
1094 11 21 1
1095 11 21 1
1096 11 21 1
1097 11 21 1
1098 11 21 1
1099 11 21 1
1100 11 21 1
1101 11 21 1
1102 11 21 1
1103 11 21 1
1104 11 21 1
1105 11 21 1
1106 11 21 1
1107 11 21 1
1108 11 21 1
1109 11 21 1
1110 11 21 1
1111 11 21 1
1112 11 21 1
1113 11 21 1
1114 11 21 1
1115 11 21 1
1116 11 21 1
1117 11 21 1
1118 11 21 1
1119 11 21 1
1120 11 21 1
1121 11 21 1
1122 11 21 1
1123 11 21 1
1124 11 21 1
1125 11 21 1
1126 11 21 1
1127 11 21 1
1128 11 21 1
1129 11 21 1
1130 33 22 1
1131 33 22 1
1132 33 22 1
1133 33 22 1
1134 33 22 1
966 33 22 1
1135 33 22 1
1136 33 22 1
1137 33 22 1
1138 33 22 1
1139 33 22 1
1140 33 22 1
1141 33 22 1
1142 33 22 1
1143 33 22 1
1144 33 22 1
1145 33 22 1
1146 33 22 1
1147 33 22 1
1147 33 22 1
1148 33 22 1
1149 33 22 1
1150 33 22 1
1151 33 22 1
1152 33 22 1
1153 33 22 1
1154 33 22 1
1155 33 22 1
1156 33 22 1
1157 33 22 1
1158 28 23 1
1159 28 23 1
1160 28 23 1
1161 28 23 1
1162 28 23 1
1163 28 23 1
1164 28 23 1
1165 28 23 1
1166 28 23 1
1167 28 23 1
1168 28 23 1
1169 28 23 1
1170 28 23 1
1171 28 23 1
1171 28 23 1
1172 28 23 1
1173 28 23 1
1174 28 23 1
1175 28 23 1
1176 28 23 1
1177 28 23 1
1178 28 23 1
1179 28 23 1
1180 28 23 1
1181 28 23 1
1182 28 23 1
1183 28 23 1
1184 28 23 1
1185 28 23 1
1186 28 23 1
1187 28 23 1
1188 28 23 1
1189 28 23 1
1190 28 23 1
1191 28 23 1
1192 28 23 1
1193 28 23 1
1194 28 23 1
1195 28 23 1
1196 28 23 1
1197 28 23 1
1198 28 23 1
1199 28 23 1
1200 28 23 1
1201 28 23 1
1202 28 23 1
1203 28 23 1
1204 28 23 1
1205 28 23 1
1206 28 23 1
1207 28 23 1
1208 28 23 1
1209 28 23 1
1210 51 24 1
1211 51 24 1
1212 51 24 1
1213 51 24 1
1214 51 24 1
1215 51 24 1
1216 51 24 1
1217 51 24 1
1218 51 24 1
1219 51 24 1
1220 51 24 1
1221 51 24 1
1222 51 24 1
1223 51 24 1
1224 51 24 1
1225 51 24 1
1226 51 24 1
1227 51 24 1
1228 51 24 1
1229 51 24 1
1230 51 24 1
1231 51 24 1
1232 51 24 1
1233 51 24 1
1234 51 24 1
1235 51 24 1
1236 51 24 1
1237 51 24 1
1238 51 24 1
1239 51 24 1
1240 51 24 1
1241 51 24 1
1242 51 24 1
1243 51 24 1
1244 51 24 1
1245 51 24 1
1246 51 24 1
1247 51 24 1
1241 51 24 1
1248 51 24 1
1249 51 24 1
1250 51 24 1
1251 51 24 1
1252 51 24 1
1253 51 24 1
1254 51 24 1
1255 51 24 1
1256 51 24 1
1257 51 24 1
1258 51 24 1
1259 51 24 1
1260 51 24 1
1261 51 24 1
1262 51 24 1
1263 26 25 1
1264 26 25 1
1265 26 25 1
1266 26 25 1
1267 26 25 1
1268 26 25 1
1269 26 25 1
1270 26 25 1
1271 26 25 1
1272 26 25 1
1273 26 25 1
1274 26 25 1
1275 26 25 1
1276 26 25 1
1277 26 25 1
1278 26 25 1
1279 26 25 1
1280 26 25 1
1281 26 25 1
1282 26 25 1
1283 26 25 1
1284 26 25 1
1285 26 25 1
1286 26 25 1
1287 26 25 1
1288 26 25 1
1289 26 25 1
1290 26 25 1
1291 26 25 1
1292 26 25 1
1293 26 25 1
1294 26 25 1
1295 26 25 1
1296 26 25 1
1297 26 25 1
1298 26 25 1
1298 26 25 1
1299 16 26 1
1300 16 26 1
1301 16 26 1
1302 16 26 1
1303 16 26 1
1304 16 26 1
1305 16 26 1
1306 16 26 1
1307 16 26 1
1308 16 26 1
1309 16 26 1
1310 16 26 1
1311 16 26 1
1312 16 26 1
1313 16 26 1
1314 16 26 1
1315 16 26 1
1316 16 26 1
1317 16 26 1
1318 16 26 1
1319 16 26 1
1320 16 26 1
1321 16 26 1
1322 16 26 1
1323 16 26 1
1324 16 26 1
1325 16 26 1
1326 16 26 1
1327 16 26 1
1328 16 26 1
1329 16 26 1
1330 16 26 1
1331 16 26 1
1332 16 26 1
1333 16 26 1
1334 16 26 1
1335 16 26 1
1336 16 26 1
1337 16 26 1
1338 16 26 1
1339 16 26 1
1340 16 26 1
1335 16 26 1
1341 16 26 1
1342 16 26 1
1343 16 26 1
1344 16 26 1
1345 16 26 1
1346 16 26 1
1347 16 26 1
1348 16 26 1
1349 16 26 1
1350 16 26 1
1351 16 26 1
1352 16 26 1
1353 16 26 1
1354 16 26 1
1355 16 26 1
1356 16 26 1
1357 16 26 1
1358 16 26 1
1359 16 26 1
1360 16 26 1
1361 16 26 1
1362 16 26 1
1363 64 27 1
1364 64 27 1
1365 64 27 1
1366 64 27 1
1367 64 27 1
1368 64 27 1
1367 64 27 1
1369 64 27 1
1370 64 27 1
1371 64 27 1
1372 64 27 1
1373 64 27 1
1371 64 27 1
1374 64 27 1
1375 64 27 1
1376 64 27 1
1369 64 27 1
1377 64 27 1
1378 64 27 1
1379 64 27 1
1380 64 27 1
1381 64 27 1
1382 6 28 1
1383 6 28 1
1384 6 28 1
1385 6 28 1
1386 6 28 1
1387 6 28 1
1388 6 28 1
1389 6 28 1
1390 6 28 1
1391 6 28 1
1392 6 28 1
1393 6 28 1
1393 6 28 1
1394 6 28 1
1395 6 28 1
1396 6 28 1
1397 6 28 1
1398 34 29 1
1399 34 29 1
1400 34 29 1
1401 34 29 1
1402 34 29 1
1403 34 29 1
1404 34 29 1
1405 34 29 1
1405 34 29 1
1406 34 29 1
1407 34 29 1
1408 34 29 1
1409 34 29 1
1410 34 29 1
1411 34 29 1
1412 34 29 1
1413 34 29 1
1414 34 29 1
1415 34 29 1
1416 34 29 1
1417 34 29 1
1418 34 29 1
1419 34 29 1
1420 34 29 1
1421 34 29 1
1422 34 29 1
1423 34 29 1
1424 34 29 1
1425 34 29 1
1426 34 29 1
1427 34 29 1
1428 34 29 1
1429 34 29 1
1430 34 29 1
1431 34 29 1
1432 34 29 1
1433 34 29 1
1434 34 29 1
1435 34 29 1
1436 34 29 1
1400 34 29 1
1437 34 29 1
1438 34 29 1
1439 34 29 1
1440 34 29 1
1441 34 29 1
1442 34 29 1
1443 34 29 1
1444 34 29 1
1445 34 29 1
1446 34 29 1
1447 34 29 1
1448 34 29 1
1449 34 29 1
1450 34 29 1
1451 34 29 1
1452 34 29 1
1453 34 29 1
1454 34 29 1
1455 34 29 1
1456 34 29 1
1457 34 29 1
1458 34 29 1
1459 34 29 1
1460 34 29 1
1461 34 29 1
1462 34 29 1
1463 34 29 1
1464 34 29 1
1465 34 29 1
1466 34 29 1
1467 25 30 1
1468 25 30 1
1469 25 30 1
1470 25 30 1
1471 25 30 1
1472 25 30 1
1473 25 30 1
1474 25 30 1
1475 25 30 1
1476 25 30 1
1477 25 30 1
1478 25 30 1
1479 25 30 1
1480 25 30 1
1481 25 30 1
1482 25 30 1
1483 25 30 1
1484 25 30 1
1485 25 30 1
1486 25 30 1
1487 25 30 1
1488 25 30 1
1489 25 30 1
1490 25 30 1
1491 25 30 1
1492 25 30 1
1493 25 30 1
1494 25 30 1
1495 25 30 1
1496 25 30 1
1497 25 30 1
1498 25 30 1
1499 25 30 1
1500 25 30 1
1501 25 30 1
1386 25 30 1
1502 25 30 1
1503 25 30 1
1504 25 30 1
1505 25 30 1
1506 25 30 1
1507 87 31 1
1508 87 31 1
1509 87 31 1
1510 87 31 1
1511 87 31 1
1512 87 31 1
1513 87 31 1
1514 87 31 1
1515 87 31 1
1516 87 31 1
1517 87 31 1
1518 87 31 1
1519 87 31 1
1520 87 31 1
1521 87 31 1
1522 87 31 1
1523 87 31 1
1524 87 31 1
1525 87 31 1
1526 87 31 1
1527 87 31 1
1528 87 31 1
1529 87 31 1
1530 87 31 1
1531 87 31 1
1532 87 31 1
1533 87 31 1
1534 87 31 1
1535 87 31 1
1536 87 31 1
1537 87 31 1
1538 87 31 1
1539 87 31 1
1540 87 31 1
1541 87 31 1
1542 87 31 1
1543 87 31 1
1544 87 31 1
1545 87 31 1
1546 87 31 1
1547 87 31 1
1548 87 31 1
1549 87 31 1
1550 87 31 1
1551 87 31 1
1552 87 31 1
1553 87 31 1
1554 87 31 1
1555 87 31 1
1556 87 31 1
1557 87 31 1
1558 87 31 1
1559 87 31 1
1560 87 31 1
1561 87 31 1
1562 87 31 1
1563 87 31 1
1564 87 31 1
1565 87 31 1
1566 87 31 1
1509 87 31 1
1567 87 31 1
1568 87 31 1
1569 87 31 1
1570 87 31 1
1571 87 31 1
1572 87 31 1
1569 87 31 1
1573 87 31 1
1574 87 31 1
1575 87 31 1
1576 87 31 1
1577 87 31 1
1578 87 31 1
1579 87 31 1
954 87 31 1
1580 87 31 1
1581 87 31 1
1582 87 31 1
1583 87 31 1
1584 87 31 1
1585 87 31 1
1586 87 31 1
1587 87 31 1
1588 87 31 1
1589 87 31 1
1590 87 31 1
1591 87 31 1
1592 87 31 1
1593 87 31 1
1594 87 31 1
1595 87 31 1
1596 87 31 1
1597 87 31 1
1598 87 31 1
1599 87 31 1
1600 87 31 1
1601 87 31 1
1602 53 32 1
1603 53 32 1
1604 53 32 1
1605 53 32 1
1606 53 32 1
1607 53 32 1
1608 53 32 1
1609 53 32 1
1610 53 32 1
1611 53 32 1
1612 53 32 1
1613 53 32 1
1614 53 32 1
1615 53 32 1
1616 53 32 1
1617 53 32 1
1618 53 32 1
1619 53 32 1
1620 53 32 1
1621 53 32 1
1622 53 32 1
1623 53 32 1
1624 53 32 1
1625 53 32 1
1626 53 32 1
1627 53 32 1
1628 53 32 1
1629 53 32 1
1630 53 32 1
1631 53 32 1
1632 53 32 1
1633 53 32 1
1634 53 32 1
1635 53 32 1
1636 53 32 1
1637 53 32 1
1638 53 32 1
1639 53 32 1
1640 53 32 1
1641 53 32 1
1642 53 32 1
1643 53 32 1
1644 53 32 1
1645 53 32 1
1646 53 32 1
1647 53 32 1
1648 53 32 1
1649 53 32 1
1650 15 33 1
1651 15 33 1
1652 15 33 1
1653 15 33 1
1654 15 33 1
1655 15 33 1
1655 15 33 1
1656 15 33 1
1657 15 33 1
1658 15 33 1
1659 15 33 1
1660 15 33 1
1661 15 33 1
1662 15 33 1
1663 15 33 1
1664 15 33 1
1665 15 33 1
1666 15 33 1
1667 15 33 1
1668 15 33 1
1669 15 33 1
1670 15 33 1
1671 79 34 1
1672 79 34 1
1673 79 34 1
1674 79 34 1
1675 79 34 1
1676 79 34 1
1677 79 34 1
1678 79 34 1
1679 79 34 1
1680 79 34 1
1681 79 34 1
1682 79 34 1
1683 79 34 1
1684 79 34 1
1685 79 34 1
1686 79 34 1
1687 79 34 1
1688 79 34 1
1689 79 34 1
1690 79 34 1
1691 79 34 1
1692 79 34 1
1693 79 34 1
1694 79 34 1
1695 27 35 1
1695 27 35 1
1696 27 35 1
1697 27 35 1
1698 27 35 1
1699 27 35 1
1700 27 35 1
1701 27 35 1
1702 27 35 1
1703 27 35 1
1704 27 35 1
1705 27 35 1
1706 27 35 1
1707 27 35 1
1708 27 35 1
1709 27 35 1
1710 27 35 1
1711 27 35 1
1712 27 35 1
1713 27 35 1
1714 27 35 1
1715 27 35 1
1716 27 35 1
1717 27 35 1
1718 27 35 1
1719 27 35 1
1720 27 35 1
1721 27 35 1
1722 27 35 1
1723 27 35 1
1724 27 35 1
1725 27 35 1
1726 27 35 1
1727 27 35 1
1728 27 35 1
1729 27 35 1
1730 27 35 1
1731 27 35 1
1732 27 35 1
1733 27 35 1
1734 27 35 1
1735 27 35 1
1736 27 35 1
1737 7 36 1
1738 7 36 1
1739 7 36 1
1740 7 36 1
1741 7 36 1
1742 7 36 1
1743 7 36 1
1744 7 36 1
1745 7 36 1
1746 7 36 1
1747 7 36 1
1748 7 36 1
1749 7 36 1
1750 7 36 1
1751 7 36 1
1752 7 36 1
1753 7 36 1
1754 7 36 1
1755 7 36 1
1756 7 36 1
1757 7 36 1
1758 7 36 1
1759 7 36 1
1760 7 36 1
1761 7 36 1
1762 7 36 1
1763 7 36 1
1764 7 36 1
1765 7 36 1
1766 7 36 1
1767 7 36 1
1768 7 36 1
1769 7 36 1
1770 7 36 1
1771 7 36 1
1772 7 36 1
1773 7 36 1
1774 7 36 1
1775 7 36 1
1776 7 36 1
1777 7 36 1
1778 37 37 1
1779 37 37 1
1780 1 38 1
1781 1 38 1
1782 1 38 1
1783 1 38 1
1784 1 38 1
1785 1 38 1
1786 1 38 1
1787 1 38 1
1788 1 38 1
1789 1 38 1
1790 1 38 1
1791 1 38 1
1792 1 38 1
1793 1 38 1
1794 1 38 1
1795 1 38 1
1796 1 38 1
1797 1 38 1
1798 1 38 1
1799 1 38 1
1800 1 38 1
1801 1 38 1
1802 1 38 1
1803 1 38 1
1804 1 38 1
1805 1 38 1
1806 1 38 1
1807 1 38 1
1808 1 38 1
1809 1 38 1
1810 83 39 1
1811 83 39 1
1812 83 39 1
1813 83 39 1
1814 83 39 1
1815 83 39 1
1816 83 39 1
1817 83 39 1
1818 83 39 1
1819 83 39 1
1820 83 39 1
1821 83 39 1
1822 83 39 1
1823 83 39 1
1824 83 39 1
1825 83 39 1
1826 83 39 1
1827 83 39 1
1828 83 39 1
1829 83 39 1
1830 83 39 1
1831 83 39 1
1832 83 39 1
1833 83 39 1
1834 83 39 1
1812 83 39 1
1835 83 39 1
1836 83 39 1
1837 83 39 1
1838 83 39 1
1839 83 39 1
1840 83 39 1
1841 83 39 1
1842 83 39 1
1843 83 39 1
1844 83 39 1
1845 83 39 1
1846 83 39 1
1847 83 39 1
1848 83 39 1
1849 83 39 1
1850 83 39 1
1851 83 39 1
1852 83 39 1
1853 83 39 1
1854 83 39 1
1855 83 39 1
1856 83 39 1
1857 83 39 1
1857 83 39 1
1858 83 39 1
1859 83 39 1
1860 83 39 1
1861 83 39 1
1862 83 39 1
1863 83 39 1
1864 83 39 1
1865 83 39 1
1866 83 39 1
1867 83 39 1
1868 83 39 1
1869 83 39 1
1870 83 39 1
1871 83 39 1
1872 83 39 1
1873 83 39 1
1874 83 39 1
1875 83 39 1
1876 83 39 1
1877 83 39 1
1878 83 39 1
1879 83 39 1
1880 83 39 1
1881 83 39 1
1882 83 39 1
1883 83 39 1
1884 83 39 1
1885 83 39 1
1886 83 39 1
1887 83 39 1
1888 83 39 1
1885 83 39 1
1824 83 39 1
1889 83 39 1
1890 83 39 1
1891 83 39 1
1892 83 39 1
1893 83 39 1
1894 83 39 1
1895 83 39 1
1896 83 39 1
1896 83 39 1
1887 83 39 1
1897 83 39 1
1898 83 39 1
1899 83 39 1
1900 83 39 1
1901 83 39 1
1902 83 39 1
1903 83 39 1
1904 83 39 1
1905 83 39 1
1906 83 39 1
1907 83 39 1
1908 83 39 1
1909 83 39 1
1910 83 39 1
1911 83 39 1
1912 83 39 1
1913 83 39 1
1913 83 39 1
1914 83 39 1
1915 83 39 1
1916 83 39 1
1917 83 39 1
1918 83 39 1
1919 83 39 1
1920 83 39 1
1921 83 39 1
1922 83 39 1
1923 83 39 1
1923 83 39 1
1924 83 39 1
1925 83 39 1
1926 83 39 1
1927 83 39 1
1928 83 39 1
1929 83 39 1
1885 83 39 1
1889 83 39 1
1930 83 39 1
1931 83 39 1
1932 83 39 1
1933 83 39 1
1934 83 39 1
1935 83 39 1
1936 83 39 1
1937 83 39 1
1938 83 39 1
1939 83 39 1
1940 83 39 1
1941 46 40 1
1942 46 40 1
1943 46 40 1
1944 46 40 1
1945 46 40 1
1946 46 40 1
1947 46 40 1
1948 46 40 1
1949 46 40 1
1950 46 40 1
1951 46 40 1
1952 46 40 1
1953 46 40 1
1954 46 40 1
1955 46 40 1
1956 46 40 1
1957 46 40 1
1958 46 40 1
1959 46 40 1
1960 46 40 1
1961 46 40 1
1962 46 40 1
1963 46 40 1
1964 46 40 1
1965 46 40 1
1966 46 40 1
1967 46 40 1
1968 46 40 1
1969 46 40 1
1970 46 40 1
1971 46 40 1
1972 46 40 1
1973 46 40 1
1974 46 40 1
1975 46 40 1
1976 46 40 1
1977 46 40 1
1978 21 41 1
1979 21 41 1
1980 21 41 1
1981 21 41 1
1982 21 41 1
1983 21 41 1
1984 21 41 1
1979 21 41 1
1979 21 41 1
1979 21 41 1
1979 21 41 1
1985 21 41 1
1986 21 41 1
1987 21 41 1
1979 21 41 1
1988 21 41 1
1979 21 41 1
1979 21 41 1
1979 21 41 1
1989 21 41 1
1990 21 41 1
1979 21 41 1
1991 21 41 1
1992 21 41 1
1993 21 41 1
1979 21 41 1
1979 21 41 1
1994 21 41 1
1979 21 41 1
1979 21 41 1
1995 21 41 1
1996 21 41 1
1979 21 41 1
1997 21 41 1
1979 21 41 1
1998 21 41 1
1979 21 41 1
1999 21 41 1
1979 21 41 1
2000 21 41 1
1979 21 41 1
1979 21 41 1
1979 21 41 1
2001 21 41 1
1979 21 41 1
2002 21 41 1
2002 21 41 1
1979 21 41 1
2003 21 41 1
1979 21 41 1
2004 21 41 1
2005 21 41 1
1979 21 41 1
1979 21 41 1
1979 21 41 1
2006 21 41 1
1979 21 41 1
1979 21 41 1
1979 21 41 1
1979 21 41 1
2007 21 41 1
1979 21 41 1
1979 21 41 1
1979 21 41 1
1979 21 41 1
1979 21 41 1
1979 21 41 1
2008 21 41 1
2001 21 41 1
2009 21 41 1
1979 21 41 1
2010 21 41 1
1979 21 41 1
2011 4 42 1
2012 4 42 1
2013 4 42 1
2014 4 42 1
2015 4 42 1
2016 4 42 1
2017 4 42 1
2018 4 42 1
2019 4 42 1
2020 4 42 1
2021 4 42 1
2022 4 42 1
2023 4 42 1
2024 4 42 1
2025 4 42 1
2026 4 42 1
2027 4 42 1
2028 4 42 1
2029 4 42 1
2030 4 42 1
2031 4 42 1
2032 4 42 1
2033 4 42 1
2034 4 42 1
2035 4 42 1
2036 4 42 1
2037 4 42 1
2038 4 42 1
2039 4 42 1
2040 4 42 1
2041 4 42 1
2042 4 42 1
2043 4 42 1
2044 4 42 1
2045 4 42 1
2046 4 42 1
2047 4 42 1
2048 4 42 1
2049 4 42 1
2050 4 42 1
2051 4 42 1
2052 4 42 1
2053 4 42 1
2054 4 42 1
2055 4 42 1
2056 4 42 1
2057 4 42 1
2058 4 42 1
2059 4 42 1
2060 4 42 1
2061 4 42 1
2062 4 42 1
2063 4 42 1
2064 4 42 1
2065 4 42 1
2066 4 42 1
2067 4 42 1
2068 4 42 1
2058 4 42 1
2069 4 42 1
2070 4 42 1
2071 4 42 1
2072 4 42 1
2073 4 42 1
2074 4 42 1
2075 4 42 1
2076 4 42 1
2077 4 42 1
2078 4 42 1
2079 4 42 1
2080 4 42 1
2081 4 42 1
2073 4 42 1
2082 4 42 1
2083 4 42 1
2084 4 42 1
2085 4 42 1
2086 4 42 1
2087 4 42 1
2088 4 42 1
2089 4 42 1
2090 4 42 1
2091 4 42 1
2092 4 42 1
2093 4 42 1
2094 4 42 1
2095 4 42 1
2096 4 42 1
2073 4 42 1
2097 4 42 1
2098 4 42 1
2099 4 42 1
2100 4 42 1
2101 4 42 1
2102 4 42 1
2103 4 42 1
2104 4 42 1
2105 4 42 1
2106 4 42 1
2107 4 42 1
2108 4 42 1
2109 4 42 1
2071 4 42 1
2110 4 42 1
2111 4 42 1
2111 4 42 1
2112 4 42 1
2113 4 42 1
2114 4 42 1
2115 4 42 1
2116 4 42 1
2117 4 42 1
2118 4 42 1
2119 4 42 1
2120 4 42 1
2121 4 42 1
2122 4 42 1
2123 4 42 1
2124 4 42 1
2125 4 42 1
2126 4 42 1
2127 4 42 1
2128 4 42 1
2129 4 42 1
2130 4 42 1
2131 4 42 1
2132 4 42 1
2133 4 42 1
2134 53 43 1
2135 53 43 1
2136 53 43 1
2137 53 43 1
2138 53 43 1
2139 53 43 1
2140 53 43 1
2141 53 43 1
2142 53 43 1
2143 53 43 1
2144 53 43 1
2145 53 43 1
2146 53 43 1
2147 53 43 1
2148 53 43 1
2149 53 43 1
2150 53 43 1
2151 53 43 1
2152 53 43 1
2153 53 43 1
2154 53 43 1
2155 53 43 1
2155 53 43 1
2156 53 43 1
2157 53 43 1
2158 53 43 1
2159 53 43 1
2160 53 43 1
2161 53 43 1
2162 53 43 1
2163 53 43 1
2164 53 43 1
2165 53 43 1
2166 53 43 1
2167 53 43 1
2168 53 43 1
2169 53 43 1
2170 16 44 1
2171 16 44 1
2172 16 44 1
2173 16 44 1
2174 16 44 1
2175 16 44 1
2176 16 44 1
2177 16 44 1
2178 16 44 1
2179 16 44 1
2180 16 44 1
2181 16 44 1
2181 16 44 1
2182 16 44 1
2183 16 44 1
2184 16 44 1
2185 16 44 1
2186 16 44 1
2187 16 44 1
2188 16 44 1
2189 16 44 1
2190 16 44 1
2191 16 44 1
2192 16 44 1
2193 16 44 1
2194 16 44 1
2195 16 44 1
2196 16 44 1
2197 16 44 1
2198 16 44 1
2198 16 44 1
2199 16 44 1
2200 16 44 1
2201 16 44 1
2202 16 44 1
2203 16 44 1
2204 16 44 1
2205 16 44 1
2206 16 44 1
2207 16 44 1
2208 16 44 1
2209 16 44 1
2210 16 44 1
2211 16 44 1
2212 16 44 1
2213 16 44 1
2214 16 44 1
2215 16 44 1
2216 16 44 1
2217 16 44 1
2218 16 44 1
2219 16 44 1
2220 16 44 1
2221 16 44 1
2222 16 44 1
2223 16 44 1
2224 16 44 1
2225 16 44 1
2226 9 45 1
2227 9 45 1
2228 9 45 1
2229 9 45 1
2230 9 45 1
2231 9 45 1
2232 9 45 1
2233 9 45 1
2234 9 45 1
2235 9 45 1
2236 9 45 1
2237 9 45 1
2238 9 45 1
2239 9 45 1
2240 9 45 1
2241 9 45 1
2242 9 45 1
2243 9 45 1
2244 9 45 1
2245 9 45 1
2246 9 45 1
2247 9 45 1
2248 9 45 1
2249 9 45 1
2250 9 45 1
2251 9 45 1
2252 9 45 1
2253 9 45 1
2254 9 45 1
2255 9 45 1
2256 9 45 1
2257 9 45 1
2258 9 45 1
2259 9 45 1
2260 9 45 1
2261 9 45 1
2262 9 45 1
2263 23 46 1
2264 23 46 1
2265 23 46 1
2266 23 46 1
2267 23 46 1
2267 23 46 1
2268 23 46 1
2269 23 46 1
2270 23 46 1
2271 23 46 1
2272 23 46 1
2273 23 46 1
2274 23 46 1
2275 23 46 1
2276 23 46 1
2277 23 46 1
2278 23 46 1
2279 23 46 1
2280 23 46 1
2281 23 46 1
2282 23 46 1
2283 23 46 1
2284 23 46 1
2285 23 46 1
2286 23 46 1
2287 23 46 1
2288 23 46 1
2289 23 46 1
2290 23 46 1
2291 23 46 1
2292 23 46 1
2293 23 46 1
2294 23 46 1
2295 23 46 1
2296 23 46 1
2297 23 46 1
2298 23 46 1
2299 23 46 1
2300 23 46 1
2285 23 46 1
2301 23 46 1
2302 23 46 1
2303 23 46 1
2304 23 46 1
2305 23 46 1
2306 23 46 1
2285 23 46 1
2307 23 46 1
2308 23 46 1
2309 23 46 1
2310 53 47 1
2311 53 47 1
2312 53 47 1
2313 53 47 1
2314 53 47 1
2315 53 47 1
2316 53 47 1
2317 53 47 1
2318 53 47 1
2319 53 47 1
2320 53 47 1
2321 53 47 1
2322 53 47 1
2323 53 47 1
2324 53 47 1
2325 53 47 1
2326 53 47 1
2327 53 47 1
2328 53 47 1
2329 53 47 1
2330 53 47 1
2331 53 47 1
2332 53 47 1
2333 53 47 1
2334 53 47 1
2335 53 47 1
2336 53 47 1
2337 53 47 1
2338 53 47 1
2339 53 47 1
2340 53 47 1
2341 53 47 1
2342 53 47 1
2343 53 47 1
2344 53 47 1
2345 53 47 1
2346 53 47 1
2347 53 47 1
2348 53 47 1
2349 53 47 1
2350 53 47 1
2351 43 48 1
2352 43 48 1
2353 43 48 1
2354 43 48 1
2355 43 48 1
2356 43 48 1
2357 43 48 1
2358 43 48 1
2359 43 48 1
2360 43 48 1
2361 43 48 1
2362 43 48 1
2363 43 48 1
2364 43 48 1
2365 43 48 1
2366 43 48 1
2367 43 48 1
2368 43 48 1
2369 43 48 1
2370 43 48 1
2361 43 48 1
2371 43 48 1
2372 43 48 1
2373 43 48 1
2374 43 48 1
2375 43 48 1
2376 43 48 1
2377 43 48 1
2378 43 48 1
2379 43 48 1
2380 43 48 1
2381 43 48 1
2382 43 48 1
2383 43 48 1
2384 43 48 1
2385 43 48 1
2386 43 48 1
2387 43 48 1
2388 43 48 1
2389 43 48 1
2390 43 48 1
2391 43 48 1
2392 43 48 1
2393 43 48 1
2394 43 48 1
2395 43 48 1
2396 43 48 1
2397 43 48 1
2398 43 48 1
2399 43 48 1
2400 43 48 1
2401 43 48 1
2402 43 48 1
2403 43 48 1
2404 43 48 1
2405 86 49 1
2406 86 49 1
2407 86 49 1
2408 86 49 1
2409 86 49 1
2410 86 49 1
2411 86 49 1
2412 86 49 1
2413 86 49 1
2414 86 49 1
2415 86 49 1
2416 86 49 1
2417 86 49 1
2418 86 49 1
2419 86 49 1
2417 86 49 1
2420 86 49 1
2421 86 49 1
2422 86 49 1
2423 86 49 1
2424 86 49 1
2425 86 49 1
2426 86 49 1
2427 86 49 1
2428 86 49 1
2429 86 49 1
2430 86 49 1
2184 86 49 1
2431 86 49 1
2432 86 49 1
2433 86 49 1
2434 86 49 1
2435 86 49 1
2436 86 49 1
2437 86 49 1
2438 86 49 1
2439 86 49 1
2440 86 49 1
2441 56 50 1
2442 56 50 1
2443 56 50 1
2444 56 50 1
2445 56 50 1
2446 56 50 1
2447 56 50 1
2448 56 50 1
2449 56 50 1
2450 56 50 1
2451 56 50 1
2452 56 50 1
2453 56 50 1
2454 56 50 1
2455 56 50 1
2456 56 50 1
2457 56 50 1
2458 56 50 1
2459 56 50 1
2460 56 50 1
2461 56 50 1
2462 56 50 1
2463 56 50 1
2464 56 50 1
2465 56 50 1
2466 56 50 1
2467 56 50 1
2468 56 50 1
2469 56 50 1
2470 56 50 1
2471 56 50 1
2472 56 50 1
2473 56 50 1
2474 56 50 1
2475 56 50 1
2476 56 50 1
2477 56 50 1
2478 56 50 1
2479 56 50 1
2480 56 50 1
2481 56 50 1
2482 56 50 1
2483 56 50 1
2484 56 50 1
2485 56 50 1
2486 56 50 1
2487 56 50 1
2488 56 50 1
2489 56 50 1
2490 56 50 1
2491 56 50 1
2492 56 50 1
2493 56 50 1
2494 56 50 1
2495 56 50 1
2496 56 50 1
2497 56 50 1
2498 56 50 1
2499 56 50 1
2500 56 50 1
2501 56 50 1
2502 56 50 1
2503 56 50 1
2504 56 50 1
2505 56 50 1
2506 56 50 1
2507 56 50 1
2470 56 50 1
2508 56 50 1
2509 55 51 1
2510 55 51 1
2511 55 51 1
2512 55 51 1
2513 55 51 1
2514 55 51 1
2515 55 51 1
2516 55 51 1
2517 55 51 1
2518 55 51 1
2519 55 51 1
2520 55 51 1
2521 55 51 1
2522 55 51 1
2523 55 51 1
2524 55 51 1
2525 55 51 1
2526 55 51 1
2527 55 51 1
2528 55 51 1
2529 55 51 1
2530 55 51 1
2531 55 51 1
2532 55 51 1
2533 55 51 1
2534 55 51 1
2535 55 51 1
2536 55 51 1
2537 55 51 1
2538 55 51 1
2539 55 51 1
2540 55 51 1
2541 55 51 1
2542 55 51 1
2543 55 51 1
2544 55 51 1
2544 55 51 1
2545 55 51 1
2546 67 52 1
2547 67 52 1
2548 67 52 1
2549 67 52 1
2550 67 52 1
2551 67 52 1
2552 67 52 1
2553 67 52 1
2554 67 52 1
2555 67 52 1
2556 67 52 1
2557 67 52 1
2558 67 52 1
2559 67 52 1
2560 67 52 1
2561 67 52 1
2562 67 52 1
2563 67 52 1
2564 67 52 1
2565 67 52 1
2566 67 52 1
2567 67 52 1
2568 67 52 1
2569 67 52 1
2570 67 52 1
2571 67 52 1
2572 67 52 1
2573 67 52 1
2573 67 52 1
2574 67 52 1
2575 67 52 1
2576 67 52 1
2577 67 52 1
2578 67 52 1
2579 67 52 1
2580 67 52 1
2581 67 52 1
2582 67 52 1
2582 67 52 1
2583 67 52 1
2584 67 52 1
2585 67 52 1
2586 67 52 1
2587 67 52 1
2588 67 52 1
2589 67 52 1
2590 67 52 1
2591 67 52 1
2592 67 52 1
2593 67 52 1
2594 67 52 1
2595 67 52 1
2596 67 52 1
2597 67 52 1
2598 67 52 1
2599 67 52 1
2600 67 52 1
2601 67 52 1
2602 67 52 1
2603 67 52 1
2551 67 52 1
2604 67 52 1
2605 67 52 1
2606 67 52 1
2607 67 52 1
2608 67 52 1
2609 67 52 1
2610 67 52 1
2611 67 52 1
2612 67 52 1
2613 67 52 1
2614 67 52 1
2615 67 52 1
2616 67 52 1
2617 67 52 1
2618 67 52 1
2619 67 52 1
2620 67 52 1
2621 67 52 1
2622 67 52 1
2623 67 52 1
2624 67 52 1
2625 67 52 1
2626 67 52 1
2627 67 52 1
2628 67 52 1
2629 67 52 1
2630 68 53 1
2631 68 53 1
2632 68 53 1
2633 68 53 1
2634 68 53 1
2635 68 53 1
2636 68 53 1
2637 68 53 1
2638 68 53 1
2639 68 53 1
2640 68 53 1
2641 68 53 1
2642 68 53 1
2643 68 53 1
2644 68 53 1
2645 68 53 1
2646 68 53 1
2647 68 53 1
2648 68 53 1
2649 68 53 1
2650 68 53 1
2651 68 53 1
2652 68 53 1
2644 68 53 1
2653 68 53 1
2654 68 53 1
2655 68 53 1
2656 68 53 1
2657 68 53 1
2658 68 53 1
2659 68 53 1
2660 68 53 1
2661 68 53 1
2662 68 53 1
2663 68 53 1
2664 68 53 1
2665 68 53 1
2666 68 53 1
2667 68 53 1
2668 68 53 1
2669 68 53 1
2670 68 53 1
2671 68 53 1
2672 68 53 1
2673 68 53 1
2674 68 53 1
2675 68 53 1
2676 68 53 1
2677 68 53 1
2678 68 53 1
2679 68 53 1
2680 68 53 1
2681 68 53 1
2682 68 53 1
2683 68 53 1
2684 68 53 1
2685 68 53 1
2686 68 53 1
2687 2 54 1
2688 2 54 1
2689 2 54 1
2690 2 54 1
2691 2 54 1
2692 2 54 1
2693 2 54 1
2694 2 54 1
2695 2 54 1
2696 2 54 1
2697 2 54 1
2698 2 54 1
2699 2 54 1
1731 2 54 1
2700 2 54 1
2701 2 54 1
2702 2 54 1
2703 2 54 1
2704 2 54 1
2705 2 54 1
2706 2 54 1
2707 2 54 1
2708 2 54 1
2709 2 54 1
2710 2 54 1
2711 2 54 1
2712 2 54 1
2713 2 54 1
2714 2 54 1
2715 2 54 1
2716 2 54 1
2717 2 54 1
2718 2 54 1
2719 2 54 1
2720 2 54 1
2721 2 54 1
2722 2 54 1
2723 2 54 1
2724 2 54 1
2725 2 54 1
2726 2 54 1
2727 2 54 1
2728 2 54 1
2729 2 54 1
2730 2 54 1
2731 2 54 1
2732 32 55 1
2733 32 55 1
2734 32 55 1
2735 32 55 1
2736 32 55 1
2737 32 55 1
2738 32 55 1
2739 32 55 1
2740 32 55 1
2741 32 55 1
2742 32 55 1
2743 32 55 1
2744 32 55 1
2745 32 55 1
2746 32 55 1
2747 32 55 1
2748 32 55 1
2749 32 55 1
2750 32 55 1
2751 32 55 1
2752 32 55 1
2753 32 55 1
2754 32 55 1
2755 32 55 1
2755 32 55 1
2756 32 55 1
2757 32 55 1
2758 32 55 1
2758 32 55 1
2759 32 55 1
2760 32 55 1
2761 32 55 1
2762 32 55 1
2763 32 55 1
2764 32 55 1
2765 32 55 1
2766 32 55 1
2767 32 55 1
2768 32 55 1
2768 32 55 1
2769 32 55 1
2770 32 55 1
2771 32 55 1
2772 32 55 1
2773 32 55 1
2774 32 55 1
2775 32 55 1
2776 32 55 1
2777 32 55 1
2778 32 55 1
2779 32 55 1
2780 32 55 1
2781 32 55 1
2782 32 55 1
2783 14 56 1
2784 14 56 1
2785 14 56 1
2786 14 56 1
2787 14 56 1
2788 14 56 1
2789 14 56 1
2790 14 56 1
2791 14 56 1
2792 14 56 1
2793 14 56 1
2794 14 56 1
2795 14 56 1
2796 14 56 1
2797 14 56 1
2798 14 56 1
2799 14 56 1
2800 14 56 1
2801 14 56 1
2802 14 56 1
2803 14 56 1
2804 14 56 1
2805 14 56 1
2806 14 56 1
2807 14 56 1
2808 14 56 1
2809 14 56 1
2810 14 56 1
2811 14 56 1
2812 14 56 1
2813 14 56 1
2814 14 56 1
2815 14 56 1
2816 14 56 1
2817 14 56 1
2818 14 56 1
2818 14 56 1
2818 14 56 1
2819 14 56 1
2820 14 56 1
2821 14 56 1
2822 14 56 1
2811 14 56 1
2823 14 56 1
2824 14 56 1
2824 14 56 1
2825 14 56 1
2826 14 56 1
2818 14 56 1
2827 14 56 1
2828 14 56 1
2818 14 56 1
2829 14 56 1
2830 14 56 1
2828 14 56 1
2831 14 56 1
2832 14 56 1
2833 14 56 1
2818 14 56 1
2834 14 56 1
2835 14 56 1
2836 14 56 1
2829 14 56 1
2837 14 56 1
2802 14 56 1
2838 14 56 1
2839 44 57 1
2840 44 57 1
2841 44 57 1
2842 44 57 1
2843 44 57 1
2844 44 57 1
2845 44 57 1
2846 44 57 1
2847 44 57 1
2848 44 57 1
2849 44 57 1
2850 44 57 1
2851 44 57 1
2852 44 57 1
2853 44 57 1
2854 44 57 1
2855 44 57 1
2856 44 57 1
2857 44 57 1
2858 44 57 1
2859 44 57 1
2860 44 57 1
2861 44 57 1
2862 44 57 1
2863 44 57 1
2864 44 57 1
2865 44 57 1
2866 44 57 1
2867 44 57 1
17 44 57 1
2868 44 57 1
2869 44 57 1
2870 44 57 1
2871 44 57 1
2872 42 58 1
2873 42 58 1
2874 42 58 1
2875 42 58 1
2876 42 58 1
2877 42 58 1
2878 42 58 1
2879 42 58 1
2880 42 58 1
2881 42 58 1
2882 42 58 1
2883 42 58 1
2884 42 58 1
2885 42 58 1
2886 42 58 1
2887 42 58 1
2888 42 58 1
2889 42 58 1
2890 42 58 1
2891 42 58 1
2879 42 58 1
2892 42 58 1
2893 42 58 1
2894 42 58 1
2895 42 58 1
2896 42 58 1
2897 42 58 1
2898 42 58 1
2899 42 58 1
2900 42 58 1
2901 42 58 1
2902 42 58 1
2903 42 58 1
2904 42 58 1
2905 42 58 1
2906 42 58 1
2907 42 58 1
2908 42 58 1
2909 61 59 1
2910 61 59 1
2911 61 59 1
2912 61 59 1
2913 61 59 1
2914 61 59 1
2915 61 59 1
2916 61 59 1
2917 61 59 1
2918 61 59 1
2919 61 59 1
2920 61 59 1
2921 61 59 1
2922 61 59 1
2923 61 59 1
2924 61 59 1
2925 61 59 1
2926 61 59 1
2927 61 59 1
2928 61 59 1
2929 61 59 1
2930 61 59 1
2931 61 59 1
2932 61 59 1
2933 61 59 1
2934 61 59 1
2935 61 59 1
2936 61 59 1
2937 61 59 1
2938 61 59 1
2939 61 59 1
2940 61 59 1
2941 61 59 1
2942 61 59 1
2943 61 59 1
2944 61 59 1
2945 61 59 1
2946 61 59 1
2947 61 59 1
2948 61 59 1
2949 61 59 1
2950 61 59 1
2951 61 59 1
2952 61 59 1
2953 61 59 1
2954 61 59 1
2955 61 59 1
2956 61 59 1
2957 61 59 1
2958 61 59 1
2959 61 59 1
2960 61 59 1
2961 61 59 1
2962 61 59 1
2963 61 59 1
2964 61 59 1
2965 61 59 1
2966 61 59 1
2965 61 59 1
2967 61 59 1
2968 61 59 1
2969 61 59 1
2970 61 59 1
2971 61 59 1
2972 45 60 1
2973 45 60 1
2974 45 60 1
2975 45 60 1
2976 45 60 1
2977 45 60 1
2978 45 60 1
2979 45 60 1
2980 45 60 1
2981 45 60 1
2982 45 60 1
2983 45 60 1
2984 45 60 1
2985 45 60 1
2986 45 60 1
2987 45 60 1
2988 45 60 1
2989 45 60 1
2990 45 60 1
2991 45 60 1
2992 44 61 1
2993 44 61 1
2994 44 61 1
2995 44 61 1
2996 44 61 1
2996 44 61 1
2997 44 61 1
2998 44 61 1
2999 44 61 1
3000 44 61 1
3001 44 61 1
3002 44 61 1
3003 44 61 1
3004 44 61 1
3005 44 61 1
3006 44 61 1
3007 44 61 1
3008 44 61 1
3009 44 61 1
3010 44 61 1
3011 44 61 1
2994 44 61 1
3012 44 61 1
3013 44 61 1
3014 44 61 1
3015 44 61 1
3016 44 61 1
3017 44 61 1
3018 44 61 1
3019 44 61 1
3020 44 61 1
3021 44 61 1
3022 44 61 1
3023 20 62 1
3024 20 62 1
3025 20 62 1
3026 20 62 1
3027 20 62 1
3028 20 62 1
3029 20 62 1
985 20 62 1
3030 20 62 1
3031 20 62 1
3032 20 62 1
3033 20 62 1
3034 20 62 1
3035 20 62 1
3036 20 62 1
3037 20 62 1
3038 20 62 1
3039 20 62 1
3040 20 62 1
3041 20 62 1
3042 20 62 1
3043 20 62 1
3044 20 62 1
3045 20 62 1
3046 20 62 1
3047 20 62 1
3048 20 62 1
3049 20 62 1
3050 20 62 1
3051 20 62 1
3052 20 62 1
3053 20 62 1
3054 20 62 1
3055 20 62 1
3056 20 62 1
3057 20 62 1
3058 20 62 1
3059 20 62 1
3060 20 62 1
3061 20 62 1
3062 20 62 1
3063 20 62 1
3064 20 62 1
3065 20 62 1
3066 20 62 1
3067 20 62 1
3068 20 62 1
3069 20 62 1
3070 20 62 1
3071 20 62 1
3072 20 62 1
3073 20 62 1
3074 20 62 1
3075 20 62 1
3076 20 62 1
3077 31 63 1
3078 31 63 1
3079 31 63 1
3080 31 63 1
3081 31 63 1
3082 31 63 1
3083 31 63 1
3084 31 63 1
3085 31 63 1
3086 31 63 1
3087 31 63 1
3088 31 63 1
3089 31 63 1
3090 31 63 1
3091 31 63 1
3092 31 63 1
3093 31 63 1
3094 31 63 1
3095 31 63 1
3096 31 63 1
3097 31 63 1
3098 31 63 1
3099 31 63 1
3100 31 63 1
3101 31 63 1
3102 31 63 1
3103 31 63 1
1670 31 63 1
3104 31 63 1
3105 31 63 1
3106 31 63 1
3107 31 63 1
3107 31 63 1
3108 31 63 1
3109 31 63 1
3110 31 63 1
3111 31 63 1
3112 31 63 1
3113 31 63 1
3114 31 63 1
3115 31 63 1
3116 31 63 1
3117 31 63 1
3118 31 63 1
3119 31 63 1
3120 31 63 1
3121 31 63 1
3122 31 63 1
3123 31 63 1
3124 31 63 1
3125 31 63 1
3126 31 63 1
3127 31 63 1
3128 31 63 1
3129 31 63 1
3130 31 63 1
3131 31 63 1
3132 31 63 1
3133 31 63 1
3134 31 63 1
3135 31 63 1
3136 31 63 1
3137 31 63 1
3138 31 63 1
3139 31 63 1
3138 31 63 1
3140 31 63 1
3141 31 63 1
3142 31 63 1
3143 31 63 1
3144 31 63 1
3145 31 63 1
3146 31 63 1
3147 31 63 1
3113 31 63 1
3148 31 63 1
3149 31 63 1
3150 31 63 1
3151 31 63 1
3152 31 63 1
3153 31 63 1
3154 31 63 1
3155 31 63 1
3156 31 63 1
3157 31 63 1
3158 31 63 1
3159 31 63 1
3160 17 64 1
3161 17 64 1
3162 17 64 1
3163 17 64 1
3164 17 64 1
3165 17 64 1
3166 17 64 1
3167 17 64 1
3168 17 64 1
3169 17 64 1
3170 17 64 1
3171 17 64 1
3172 17 64 1
3173 17 64 1
3174 17 64 1
3175 17 64 1
3176 17 64 1
3177 17 64 1
3178 17 64 1
3179 17 64 1
3180 17 64 1
3181 17 64 1
3182 17 64 1
3183 17 64 1
3184 17 64 1
3185 17 64 1
3186 17 64 1
3187 17 64 1
3188 17 64 1
3189 17 64 1
3190 17 64 1
3191 17 64 1
3192 17 64 1
3193 17 64 1
3194 17 64 1
3195 17 64 1
3196 17 64 1
3197 17 64 1
3198 17 64 1
3199 17 64 1
3200 17 64 1
3201 17 64 1
3202 17 64 1
3203 17 64 1
3204 17 64 1
3205 17 64 1
3206 17 64 1
3207 17 64 1
3208 17 64 1
3209 17 64 1
3210 17 64 1
3211 17 64 1
3212 17 64 1
3213 17 64 1
3214 17 64 1
3215 16 65 1
3216 16 65 1
3217 16 65 1
3218 16 65 1
3219 16 65 1
3220 16 65 1
3221 16 65 1
3221 16 65 1
3222 16 65 1
3223 16 65 1
3224 16 65 1
3225 16 65 1
3226 16 65 1
3227 16 65 1
3228 16 65 1
3229 16 65 1
3230 16 65 1
3231 16 65 1
3232 16 65 1
3233 16 65 1
3234 16 65 1
3235 16 65 1
3236 16 65 1
3237 16 65 1
3238 16 65 1
3239 16 65 1
3240 16 65 1
3241 16 65 1
3242 16 65 1
3243 16 65 1
3244 16 65 1
3245 16 65 1
3246 16 65 1
3247 16 65 1
3248 16 65 1
3249 16 65 1
3250 16 65 1
3251 16 65 1
3252 16 65 1
3253 16 65 1
3254 16 65 1
3255 16 65 1
3256 16 65 1
3257 16 65 1
3258 16 65 1
3259 16 65 1
3260 16 65 1
3261 16 65 1
3262 16 65 1
3263 16 65 1
3264 16 65 1
3265 16 65 1
3266 16 65 1
3267 16 65 1
3268 16 65 1
3269 16 65 1
3270 16 65 1
3271 16 65 1
3272 16 65 1
3273 16 65 1
3274 16 65 1
3275 16 65 1
3276 16 65 1
3277 16 65 1
3278 16 65 1
3279 16 65 1
3280 16 65 1
3281 16 65 1
3282 16 65 1
3283 16 65 1
3284 16 65 1
3285 16 65 1
3286 16 65 1
3287 16 65 1
3288 16 65 1
3289 16 65 1
3290 16 65 1
3290 16 65 1
3291 16 65 1
3292 16 65 1
3293 16 65 1
3294 16 65 1
3295 16 65 1
3296 16 65 1
3297 16 65 1
3298 63 66 1
3299 63 66 1
3298 63 66 1
3298 63 66 1
3300 63 66 1
3301 63 66 1
3301 63 66 1
3301 63 66 1
3301 63 66 1
3301 63 66 1
3301 63 66 1
3301 63 66 1
3301 63 66 1
3301 63 66 1
3301 63 66 1
3301 63 66 1
3301 63 66 1
3301 63 66 1
3301 63 66 1
3301 63 66 1
3301 63 66 1
3301 63 66 1
3301 63 66 1
3301 63 66 1
3301 63 66 1
3301 63 66 1
3301 63 66 1
3301 63 66 1
3301 63 66 1
3301 63 66 1
3301 63 66 1
3301 63 66 1
3301 63 66 1
3301 63 66 1
3301 63 66 1
3301 63 66 1
3301 63 66 1
3301 63 66 1
3301 63 66 1
3302 63 66 1
3302 63 66 1
3302 63 66 1
3302 63 66 1
3302 63 66 1
3302 63 66 1
3302 63 66 1
3302 63 66 1
3302 63 66 1
3302 63 66 1
3302 63 66 1
3302 63 66 1
3302 63 66 1
3302 63 66 1
3302 63 66 1
3302 63 66 1
3302 63 66 1
3302 63 66 1
3302 63 66 1
3302 63 66 1
3302 63 66 1
3302 63 66 1
3302 63 66 1
3302 63 66 1
3302 63 66 1
3302 63 66 1
3302 63 66 1
3302 63 66 1
3302 63 66 1
3302 63 66 1
3302 63 66 1
3302 63 66 1
3302 63 66 1
3302 63 66 1
3302 63 66 1
3302 63 66 1
3302 63 66 1
3302 63 66 1
3302 63 66 1
3302 63 66 1
3302 63 66 1
3301 63 66 1
3301 63 66 1
3301 63 66 1
3301 63 66 1
3301 63 66 1
3301 63 66 1
3301 63 66 1
3301 63 66 1
3301 63 66 1
3301 63 66 1
3301 63 66 1
3301 63 66 1
3301 63 66 1
3301 63 66 1
3301 63 66 1
3301 63 66 1
3301 63 66 1
3301 63 66 1
3301 63 66 1
3301 63 66 1
3301 63 66 1
3301 63 66 1
3301 63 66 1
3301 63 66 1
3301 63 66 1
3301 63 66 1
3301 63 66 1
3301 63 66 1
3301 63 66 1
3301 63 66 1
3301 63 66 1
3301 63 66 1
3301 63 66 1
3303 63 66 1
3304 41 67 1
3305 41 67 1
3306 41 67 1
3307 41 67 1
3308 41 67 1
3309 41 67 1
3310 41 67 1
3311 41 67 1
3312 41 67 1
3313 41 67 1
3314 41 67 1
3315 41 67 1
3316 41 67 1
3317 41 67 1
3318 41 67 1
3319 41 67 1
3320 41 67 1
3321 41 67 1
3322 41 67 1
3323 41 67 1
3324 41 67 1
3325 41 67 1
3326 41 67 1
3327 41 67 1
3328 41 67 1
3329 41 67 1
3330 41 67 1
3331 41 67 1
3332 41 67 1
3333 22 68 1
3334 22 68 1
3335 22 68 1
3336 22 68 1
3337 22 68 1
3338 22 68 1
3339 22 68 1
3340 22 68 1
3341 22 68 1
3342 22 68 1
3343 22 68 1
3344 22 68 1
3345 22 68 1
3346 22 68 1
3347 22 68 1
3348 22 68 1
3349 22 68 1
3350 22 68 1
3351 22 68 1
3352 22 68 1
3353 22 68 1
3354 22 68 1
3355 22 68 1
3356 22 68 1
3357 22 68 1
3358 22 68 1
3359 22 68 1
3360 22 68 1
3361 22 68 1
3362 22 68 1
3363 22 68 1
3364 22 68 1
3365 22 68 1
3366 22 68 1
3367 22 68 1
3368 22 68 1
3368 22 68 1
3369 22 68 1
3370 22 68 1
3371 22 68 1
3372 22 68 1
3373 22 68 1
3372 22 68 1
3374 22 68 1
3375 22 68 1
3376 22 68 1
3377 22 68 1
3378 22 68 1
3379 22 68 1
3379 22 68 1
3380 22 68 1
3381 22 68 1
3363 22 68 1
3382 22 68 1
3383 22 68 1
3384 22 68 1
3385 22 68 1
3386 22 68 1
3387 22 68 1
3388 22 68 1
3389 22 68 1
3363 22 68 1
3390 22 68 1
3391 22 68 1
3392 22 68 1
3393 22 68 1
3394 22 68 1
3395 22 68 1
3396 22 68 1
3397 22 68 1
3398 22 68 1
3399 22 68 1
3400 22 68 1
3401 22 68 1
3402 22 68 1
3403 22 68 1
3404 22 68 1
3405 22 68 1
3406 22 68 1
3407 22 68 1
3408 22 68 1
3409 22 68 1
3410 22 68 1
3411 22 68 1
3412 22 68 1
3413 69 69 1
3414 69 69 1
3415 69 69 1
3416 69 69 1
3417 69 69 1
3418 69 69 1
3419 69 69 1
3420 69 69 1
3421 69 69 1
3422 69 69 1
3423 69 69 1
3424 69 69 1
3425 69 69 1
3426 69 69 1
3427 69 69 1
3428 69 69 1
3429 69 69 1
3430 69 69 1
3431 69 69 1
3432 69 69 1
3433 69 69 1
3434 69 69 1
3435 69 69 1
3436 69 69 1
3437 69 69 1
3438 69 69 1
3439 69 69 1
3440 69 69 1
3441 69 69 1
3442 69 69 1
3443 69 69 1
3444 69 69 1
3445 69 69 1
3446 69 69 1
3447 69 69 1
3448 69 69 1
3449 69 69 1
3450 69 69 1
3451 69 69 1
3452 69 69 1
3453 47 70 1
3454 47 70 1
3455 47 70 1
3456 47 70 1
3456 47 70 1
3457 47 70 1
3458 47 70 1
3459 47 70 1
3460 47 70 1
3461 47 70 1
3462 47 70 1
3463 47 70 1
3464 47 70 1
3465 47 70 1
3466 47 70 1
3467 47 70 1
3468 47 70 1
3469 47 70 1
3470 47 70 1
3471 47 70 1
3472 47 70 1
3473 47 70 1
3474 47 70 1
3475 47 70 1
3476 47 70 1
3477 47 70 1
3478 47 70 1
3479 47 70 1
3480 47 70 1
3481 47 70 1
3482 47 70 1
3483 47 70 1
3484 47 70 1
3485 47 70 1
3486 47 70 1
3487 47 70 1
3488 47 70 1
3489 47 70 1
3490 47 70 1
3491 47 70 1
3492 47 70 1
3493 47 70 1
3494 47 70 1
3495 47 70 1
3496 47 70 1
3497 47 70 1
3498 47 70 1
3499 47 70 1
3500 47 70 1
3501 47 70 1
3501 47 70 1
3502 47 70 1
3503 47 70 1
3504 47 70 1
3505 47 70 1
3506 47 70 1
3507 73 71 1
3466 73 71 1
3508 73 71 1
3509 73 71 1
3510 73 71 1
3511 73 71 1
3512 73 71 1
3513 73 71 1
3514 73 71 1
3515 73 71 1
3516 73 71 1
3517 73 71 1
3518 73 71 1
3519 73 71 1
3520 73 71 1
3521 73 71 1
3522 73 71 1
3523 73 71 1
3524 73 71 1
3525 73 71 1
3526 73 71 1
3526 73 71 1
3527 73 71 1
3528 73 71 1
3529 73 71 1
3530 73 71 1
3531 73 71 1
3532 73 71 1
3533 73 71 1
3534 73 71 1
3535 73 71 1
3535 73 71 1
3536 73 71 1
3537 73 71 1
3538 73 71 1
3539 73 71 1
3540 73 71 1
3541 73 71 1
3542 73 71 1
3543 73 71 1
3544 73 71 1
3545 73 71 1
3546 73 71 1
3547 73 71 1
3548 73 71 1
3549 73 71 1
1896 73 71 1
3550 73 71 1
3551 73 71 1
3552 73 71 1
3553 73 71 1
3554 73 71 1
3555 73 71 1
3556 73 71 1
3557 73 71 1
3525 73 71 1
3558 73 71 1
3559 73 71 1
3560 73 71 1
3561 73 71 1
3562 73 71 1
3563 73 71 1
3517 73 71 1
3564 73 71 1
3565 73 71 1
3566 60 72 1
3567 60 72 1
3568 60 72 1
3569 60 72 1
3570 60 72 1
3571 60 72 1
3572 60 72 1
3573 60 72 1
3574 60 72 1
3575 60 72 1
3576 60 72 1
3577 60 72 1
3578 60 72 1
3579 60 72 1
3580 60 72 1
3581 60 72 1
3582 60 72 1
3583 60 72 1
3584 60 72 1
3585 60 72 1
3586 60 72 1
3587 60 72 1
3588 60 72 1
3589 60 72 1
3590 60 72 1
3591 60 72 1
3592 60 72 1
3593 60 72 1
3594 60 72 1
3595 60 72 1
3596 60 72 1
3597 60 72 1
3598 60 72 1
3599 60 72 1
3600 60 72 1
3601 60 72 1
3602 60 72 1
3603 60 72 1
3604 60 72 1
3605 60 72 1
3606 60 72 1
3606 60 72 1
3607 60 72 1
3608 60 72 1
3609 60 72 1
3610 60 72 1
3611 60 72 1
3612 60 72 1
3613 60 72 1
3614 60 72 1
3615 49 73 1
3616 49 73 1
3617 49 73 1
3618 49 73 1
3619 49 73 1
3620 49 73 1
414 49 73 1
3621 49 73 1
3622 49 73 1
3623 49 73 1
3624 49 73 1
3625 49 73 1
3626 49 73 1
3627 49 73 1
3628 49 73 1
3629 49 73 1
3630 49 73 1
3631 49 73 1
3632 49 73 1
3633 49 73 1
3634 49 73 1
3635 49 73 1
3636 49 73 1
3637 49 73 1
3638 49 73 1
3639 49 73 1
3640 49 73 1
3641 49 73 1
3642 49 73 1
3643 49 73 1
3644 49 73 1
3645 49 73 1
3646 49 73 1
3647 49 73 1
3648 49 73 1
3649 49 73 1
3650 49 73 1
3651 49 73 1
3652 49 73 1
3653 49 73 1
3654 49 73 1
3649 49 73 1
3730 68 74 1
3731 68 74 1
3732 68 74 1
3733 68 74 1
3734 68 74 1
3735 68 74 1
3736 68 74 1
3737 68 74 1
3738 68 74 1
3739 68 74 1
3740 68 74 1
3741 68 74 1
3742 68 74 1
3743 68 74 1
3744 68 74 1
3745 68 74 1
3746 68 74 1
3747 68 74 1
3748 68 74 1
3749 68 74 1
3750 68 74 1
3751 68 74 1
3752 68 74 1
3752 68 74 1
3753 68 74 1
3754 68 74 1
3755 68 74 1
3756 68 74 1
3757 68 74 1
3758 68 74 1
3759 68 74 1
3760 68 74 1
2343 68 74 1
3761 68 74 1
3762 68 74 1
3763 68 74 1
3764 68 74 1
3765 68 74 1
3766 68 74 1
3767 39 75 1
3768 39 75 1
3769 39 75 1
3770 39 75 1
3771 39 75 1
3772 39 75 1
3773 39 75 1
3774 39 75 1
3775 39 75 1
3776 39 75 1
3777 39 75 1
3778 39 75 1
3779 39 75 1
3780 39 75 1
3781 39 75 1
3782 39 75 1
3783 39 75 1
3784 39 75 1
3785 39 75 1
3786 39 75 1
3787 39 75 1
3788 39 75 1
3789 39 75 1
3790 39 75 1
3791 39 75 1
3792 39 75 1
3793 39 75 1
3794 39 75 1
3795 39 75 1
3796 39 75 1
3797 39 75 1
3798 39 75 1
3799 39 75 1
3800 39 75 1
3801 39 75 1
3802 39 75 1
3803 39 75 1
3804 39 75 1
3805 39 75 1
3806 39 75 1
3807 39 75 1
3808 39 75 1
3809 75 76 1
3810 75 76 1
3811 75 76 1
3812 75 76 1
3813 75 76 1
3814 75 76 1
3815 75 76 1
3816 75 76 1
3817 75 76 1
3818 3 77 1
3819 3 77 1
3820 3 77 1
3821 3 77 1
3822 3 77 1
3823 3 77 1
3824 3 77 1
3825 3 77 1
3826 3 77 1
3827 3 77 1
3828 3 77 1
3829 3 77 1
3830 3 77 1
3831 3 77 1
3832 3 77 1
3833 3 77 1
3834 3 77 1
3835 3 77 1
3836 3 77 1
3837 58 78 1
3838 58 78 1
3839 58 78 1
3840 58 78 1
3841 58 78 1
3842 58 78 1
3843 58 78 1
3844 58 78 1
3845 58 78 1
3846 58 78 1
3847 58 78 1
3848 58 78 1
3849 58 78 1
3850 58 78 1
3851 58 78 1
3852 58 78 1
3853 58 78 1
3854 58 78 1
3855 58 78 1
3856 58 78 1
3857 58 78 1
3858 58 78 1
3859 58 78 1
3860 58 78 1
3861 58 78 1
3862 58 78 1
3347 58 78 1
3863 58 78 1
3864 58 78 1
3865 58 78 1
3866 58 78 1
3867 58 78 1
3868 58 78 1
3869 58 78 1
3839 58 78 1
3870 58 78 1
3871 80 79 1
3872 80 79 1
3873 80 79 1
3874 80 79 1
3875 80 79 1
3876 80 79 1
3877 80 79 1
3878 80 79 1
3879 80 79 1
3880 80 79 1
3881 80 79 1
3882 80 79 1
3883 80 79 1
3884 80 79 1
3885 80 79 1
3886 80 79 1
3887 80 79 1
3888 80 79 1
3889 80 79 1
3890 80 79 1
3891 80 79 1
3892 80 79 1
3893 80 79 1
3894 80 79 1
3895 80 79 1
3896 80 79 1
3897 80 79 1
3898 80 79 1
3899 80 79 1
3900 80 79 1
3901 80 79 1
3902 80 79 1
3903 80 79 1
3904 80 79 1
3905 80 79 1
3875 80 79 1
3906 80 79 1
3907 80 79 1
3908 52 80 1
3909 52 80 1
3910 52 80 1
3911 52 80 1
3912 52 80 1
3913 52 80 1
3914 52 80 1
3915 52 80 1
3916 52 80 1
3917 52 80 1
3918 52 80 1
3919 52 80 1
3920 52 80 1
3921 52 80 1
3922 52 80 1
3923 52 80 1
3924 52 80 1
3925 52 80 1
3926 52 80 1
3927 52 80 1
3928 52 80 1
3929 52 80 1
3930 52 80 1
3931 52 80 1
3931 52 80 1
3932 52 80 1
3933 52 80 1
3934 52 80 1
3935 52 80 1
3936 52 80 1
3937 52 80 1
3938 52 80 1
3939 52 80 1
3940 52 80 1
3941 52 80 1
3942 52 80 1
3943 52 80 1
3944 52 80 1
3945 52 80 1
3946 52 80 1
3947 52 80 1
3948 52 80 1
3949 52 80 1
3950 52 80 1
3951 52 80 1
3952 52 80 1
3953 52 80 1
3954 52 80 1
3955 52 80 1
3956 8 81 1
3957 8 81 1
3958 8 81 1
3959 8 81 1
3960 8 81 1
3961 8 81 1
3962 8 81 1
3963 8 81 1
3964 8 81 1
3965 8 81 1
3966 8 81 1
3967 8 81 1
3968 8 81 1
3969 8 81 1
3970 8 81 1
3971 8 81 1
3972 8 81 1
3973 8 81 1
1174 8 81 1
3974 8 81 1
3975 8 81 1
3975 8 81 1
3976 8 81 1
3977 8 81 1
3978 8 81 1
3979 8 81 1
3980 8 81 1
3981 8 81 1
3982 8 81 1
3983 8 81 1
3984 8 81 1
3985 8 81 1
3986 8 81 1
3987 8 81 1
3984 8 81 1
3988 8 81 1
3989 8 81 1
3990 8 81 1
3991 8 81 1
3991 8 81 1
3992 8 81 1
3993 8 81 1
3978 8 81 1
3994 8 81 1
3994 8 81 1
3995 84 82 1
2511 84 82 1
3996 84 82 1
3997 84 82 1
3998 84 82 1
3999 84 82 1
4000 84 82 1
4001 84 82 1
4002 84 82 1
4003 84 82 1
4004 84 82 1
4005 84 82 1
4006 84 82 1
4007 84 82 1
4008 84 82 1
4009 84 82 1
4010 84 82 1
4011 84 82 1
4012 84 82 1
4013 84 82 1
4014 84 82 1
4015 84 82 1
4016 84 82 1
4017 84 82 1
4018 84 82 1
4019 84 82 1
4020 84 82 1
4021 84 82 1
4022 84 82 1
4023 84 82 1
4024 84 82 1
4025 84 82 1
4026 84 82 1
4027 84 82 1
4028 84 82 1
4029 84 82 1
4030 84 82 1
4031 84 82 1
4032 84 82 1
4033 84 82 1
4034 84 82 1
4035 84 82 1
4036 84 82 1
4037 84 82 1
4038 84 82 1
4039 84 82 1
4040 84 82 1
4041 84 82 1
4042 84 82 1
4043 84 82 1
4044 84 82 1
4045 84 82 1
4046 84 82 1
4047 84 82 1
4048 84 82 1
4049 84 82 1
4050 84 82 1
4051 84 82 1
4052 84 82 1
4053 84 82 1
4054 84 82 1
4055 84 82 1
4056 84 82 1
4057 84 82 1
4058 48 83 1
4059 48 83 1
4060 48 83 1
4061 48 83 1
4062 48 83 1
4063 48 83 1
4064 48 83 1
4065 48 83 1
4066 48 83 1
4067 48 83 1
4068 48 83 1
4069 48 83 1
4070 48 83 1
4071 48 83 1
4072 48 83 1
4073 48 83 1
4074 48 83 1
4075 48 83 1
4076 48 83 1
4077 48 83 1
4078 48 83 1
4079 48 83 1
4080 48 83 1
4081 48 83 1
4082 48 83 1
4083 48 83 1
4084 48 83 1
4085 48 83 1
4086 48 83 1
4087 48 83 1
4088 48 83 1
4089 48 83 1
4090 48 83 1
4091 48 83 1
4092 48 83 1
4093 48 83 1
4094 48 83 1
4095 48 83 1
4096 48 83 1
4097 48 83 1
4098 48 83 1
4099 48 83 1
4100 48 83 1
4101 48 83 1
4102 48 83 1
4103 48 83 1
4104 48 83 1
4105 48 83 1
4106 48 83 1
4107 48 83 1
4108 48 83 1
4109 48 83 1
4110 48 83 1
4111 48 83 1
4112 48 83 1
4113 48 83 1
4114 48 83 1
4115 48 83 1
4116 84 84 1
4117 84 84 1
4118 84 84 1
4119 84 84 1
4120 84 84 1
4121 84 84 1
4122 84 84 1
4122 84 84 1
4123 84 84 1
4124 84 84 1
4125 84 84 1
4126 84 84 1
4127 84 84 1
4128 84 84 1
4129 84 84 1
4129 84 84 1
4130 84 84 1
4131 84 84 1
4132 84 84 1
4133 84 84 1
4134 84 84 1
4135 84 84 1
4136 84 84 1
4137 84 84 1
4138 84 84 1
4139 84 84 1
4140 84 84 1
4141 84 84 1
4142 84 84 1
4143 84 84 1
4144 84 84 1
4145 84 84 1
4146 84 84 1
4147 84 84 1
4148 84 84 1
4149 84 84 1
4150 84 84 1
4151 84 84 1
4152 84 84 1
4153 84 84 1
4154 84 84 1
4155 84 84 1
4156 84 84 1
4157 84 84 1
4158 84 84 1
4159 84 84 1
4159 84 84 1
4160 84 84 1
4161 84 84 1
4162 84 84 1
4163 84 84 1
4164 84 84 1
4165 84 84 1
4166 84 84 1
4167 84 84 1
4168 84 84 1
4169 84 84 1
4170 84 84 1
4171 84 84 1
4172 84 84 1
4173 84 84 1
4174 84 84 1
4175 84 84 1
4176 84 84 1
4177 84 84 1
4178 84 84 1
4179 84 84 1
4180 84 84 1
4180 84 84 1
4180 84 84 1
4181 84 84 1
4180 84 84 1
4180 84 84 1
4180 84 84 1
4180 84 84 1
4180 84 84 1
4180 84 84 1
4182 84 84 1
4183 84 84 1
4184 84 84 1
4185 84 84 1
4180 84 84 1
4180 84 84 1
4180 84 84 1
4180 84 84 1
4186 84 84 1
4187 84 84 1
4188 84 84 1
4189 84 84 1
4190 84 84 1
4180 84 84 1
4191 84 84 1
4192 84 84 1
4193 84 84 1
4194 84 84 1
4195 84 84 1
4196 77 85 1
4197 77 85 1
4198 77 85 1
4199 77 85 1
4200 77 85 1
4201 77 85 1
4202 77 85 1
4203 77 85 1
4204 77 85 1
4205 77 85 1
4206 77 85 1
4207 77 85 1
4208 77 85 1
4209 77 85 1
4210 77 85 1
4211 77 85 1
4212 77 85 1
4213 77 85 1
4214 71 86 1
4215 71 86 1
4216 71 86 1
4217 71 86 1
4218 71 86 1
4219 71 86 1
4220 71 86 1
4221 71 86 1
4222 71 86 1
1365 71 86 1
4223 71 86 1
4224 71 86 1
4225 71 86 1
4226 71 86 1
4227 71 86 1
4228 71 86 1
4229 71 86 1
4230 71 86 1
4231 71 86 1
4232 71 86 1
4233 71 86 1
4234 71 86 1
4235 71 86 1
4236 71 86 1
4237 71 86 1
4238 71 86 1
4239 71 86 1
4240 71 86 1
4241 71 86 1
4242 71 86 1
4243 71 86 1
4244 71 86 1
4245 71 86 1
4246 71 86 1
4247 71 86 1
4248 71 86 1
4249 71 86 1
4250 71 86 1
4251 71 86 1
4252 71 86 1
4253 71 86 1
4254 71 86 1
4254 71 86 1
4255 71 86 1
4256 71 86 1
4219 71 86 1
4257 71 86 1
4258 71 86 1
4259 71 86 1
4260 71 86 1
4260 71 86 1
4261 71 86 1
4262 71 86 1
4263 71 86 1
4264 71 86 1
4265 71 86 1
4266 71 86 1
4267 71 86 1
4268 17 87 1
4269 17 87 1
4270 17 87 1
4271 17 87 1
4272 17 87 1
4273 17 87 1
4274 17 87 1
4275 17 87 1
4270 17 87 1
4276 17 87 1
4277 17 87 1
4278 17 87 1
4279 17 87 1
4280 17 87 1
4281 17 87 1
4282 17 87 1
4283 17 87 1
4284 17 87 1
4285 17 87 1
4286 17 87 1
4287 17 87 1
4288 17 87 1
4289 17 87 1
4290 17 87 1
4291 17 87 1
4292 17 87 1
4293 17 87 1
4294 17 87 1
4295 17 87 1
4296 17 87 1
4297 17 87 1
4298 17 87 1
4299 17 87 1
4300 17 87 1
4301 17 87 1
4302 17 87 1
4303 17 87 1
4304 17 87 1
4305 17 87 1
4306 17 87 1
4307 17 87 1
4308 17 87 1
4309 17 87 1
4310 17 87 1
4311 17 87 1
4312 17 87 1
4313 17 87 1
4314 17 87 1
4315 17 87 1
4316 17 87 1
4317 17 87 1
4318 17 87 1
4319 17 87 1
4320 17 87 1
4321 17 87 1
4322 17 87 1
4323 17 87 1
4324 17 87 1
4325 17 87 1
4326 17 87 1
4327 17 87 1
4328 17 87 1
4329 17 87 1
4330 17 87 1
4331 17 87 1
4332 17 87 1
4333 17 87 1
4334 17 87 1
4335 17 87 1
4336 17 87 1
4337 17 87 1
4338 17 87 1
4339 17 87 1
4340 17 87 1
4341 17 87 1
4342 17 87 1
4343 17 87 1
4344 70 88 1
4345 70 88 1
4346 70 88 1
4347 70 88 1
4348 70 88 1
4349 70 88 1
4350 70 88 1
4351 70 88 1
4352 70 88 1
4353 70 88 1
4354 70 88 1
4355 70 88 1
4356 70 88 1
4357 70 88 1
4358 70 88 1
4359 70 88 1
4360 70 88 1
4358 70 88 1
4361 70 88 1
4362 70 88 1
4363 70 88 1
4364 70 88 1
4365 70 88 1
4366 70 88 1
4367 70 88 1
4368 24 89 1
4369 24 89 1
4370 24 89 1
4371 24 89 1
4372 24 89 1
4373 24 89 1
4374 24 89 1
4375 24 89 1
4376 24 89 1
4377 24 89 1
4378 24 89 1
4379 24 89 1
4380 24 89 1
4381 24 89 1
4382 24 89 1
4383 24 89 1
4384 24 89 1
4385 24 89 1
4386 24 89 1
4387 24 89 1
4388 24 89 1
4389 24 89 1
4390 24 89 1
4391 24 89 1
4392 24 89 1
4393 24 89 1
4394 24 89 1
4395 24 89 1
4396 24 89 1
4397 24 89 1
4398 24 89 1
4399 24 89 1
4399 24 89 1
4400 24 89 1
4401 24 89 1
4402 24 89 1
4403 24 89 1
4404 24 89 1
4405 24 89 1
4406 24 89 1
4407 24 89 1
4408 24 89 1
4409 24 89 1
4410 24 89 1
4411 24 89 1
4412 24 89 1
4413 24 89 1
4414 24 89 1
4415 24 89 1
4416 47 90 1
4417 47 90 1
4418 47 90 1
4419 47 90 1
4420 47 90 1
4421 47 90 1
4422 47 90 1
4423 47 90 1
4424 47 90 1
4425 47 90 1
4426 47 90 1
4427 47 90 1
4428 47 90 1
4429 47 90 1
4430 47 90 1
4431 47 90 1
4432 47 90 1
4433 47 90 1
4434 47 90 1
4435 47 90 1
4434 47 90 1
4436 47 90 1
4437 47 90 1
4438 47 90 1
4439 47 90 1
4440 47 90 1
4441 47 90 1
4442 47 90 1
4443 47 90 1
4444 47 90 1
4445 47 90 1
4446 47 90 1
4447 47 90 1
4448 47 90 1
4449 47 90 1
4450 47 90 1
4451 47 90 1
4452 47 90 1
4453 47 90 1
4443 47 90 1
4454 47 90 1
4455 74 91 1
4456 74 91 1
4457 74 91 1
4458 74 91 1
4457 74 91 1
4459 74 91 1
4460 74 91 1
4461 74 91 1
4462 74 91 1
4463 74 91 1
4464 74 91 1
4464 74 91 1
4458 74 91 1
4458 74 91 1
4465 74 91 1
4466 78 92 1
4467 78 92 1
4468 78 92 1
4469 78 92 1
4470 78 92 1
4471 78 92 1
4472 78 92 1
4473 78 92 1
4474 59 93 1
4475 59 93 1
4476 59 93 1
4474 59 93 1
4477 59 93 1
4474 59 93 1
4474 59 93 1
4478 59 93 1
4474 59 93 1
4474 59 93 1
4474 59 93 1
4474 59 93 1
4474 59 93 1
4474 59 93 1
4479 59 93 1
4479 59 93 1
4474 59 93 1
4480 59 93 1
4480 59 93 1
4474 59 93 1
4481 59 93 1
4482 59 93 1
4483 59 93 1
4484 59 93 1
4485 59 93 1
4486 59 93 1
4487 59 93 1
4488 59 93 1
4474 59 93 1
4474 59 93 1
4474 59 93 1
4474 59 93 1
4489 59 93 1
4490 59 93 1
4490 59 93 1
4490 59 93 1
4490 59 93 1
4490 59 93 1
4490 59 93 1
4490 59 93 1
4490 59 93 1
4490 59 93 1
4490 59 93 1
4490 59 93 1
4490 59 93 1
4490 59 93 1
4490 59 93 1
4490 59 93 1
4491 59 93 1
4474 59 93 1
4474 59 93 1
4492 59 93 1
4474 59 93 1
4474 59 93 1
4474 59 93 1
4474 59 93 1
4493 59 93 1
4494 59 93 1
4474 59 93 1
4474 59 93 1
4494 59 93 1
4474 59 93 1
4474 59 93 1
4474 59 93 1
4495 29 94 1
4496 29 94 1
4497 29 94 1
4498 29 94 1
4499 29 94 1
4500 29 94 1
4501 29 94 1
4502 29 94 1
4503 29 94 1
4504 29 94 1
4505 29 94 1
4506 29 94 1
4507 29 94 1
4508 29 94 1
4509 29 94 1
4510 29 94 1
4511 29 94 1
4512 29 94 1
4513 29 94 1
4514 29 94 1
4515 29 94 1
4516 29 94 1
4517 29 94 1
4518 29 94 1
4517 29 94 1
4519 29 94 1
4520 29 94 1
4521 29 94 1
4522 29 94 1
4523 29 94 1
4524 29 94 1
1844 29 94 1
4525 29 94 1
4526 29 94 1
4527 29 94 1
4528 29 94 1
4529 29 94 1
4520 29 94 1
4530 29 94 1
4513 29 94 1
4531 29 94 1
4532 29 94 1
4533 29 94 1
4534 29 94 1
4534 29 94 1
4535 29 94 1
4536 29 94 1
4537 29 94 1
4534 29 94 1
4534 29 94 1
4538 29 94 1
4539 29 94 1
4540 29 94 1
4541 29 94 1
4542 29 94 1
4543 29 94 1
4544 29 94 1
4545 29 94 1
4546 29 94 1
4517 29 94 1
4517 29 94 1
4547 29 94 1
4536 29 94 1
4548 29 94 1
4549 29 94 1
4550 29 94 1
4551 29 94 1
4552 29 94 1
4553 29 94 1
4554 29 94 1
4555 29 94 1
4556 29 94 1
4557 29 94 1
4558 29 94 1
4559 29 94 1
4560 29 94 1
4561 29 94 1
4562 29 94 1
4563 29 94 1
4564 29 94 1
4559 29 94 1
4565 29 94 1
4566 29 94 1
4567 29 94 1
4568 29 94 1
4569 29 94 1
4570 29 94 1
4571 29 94 1
4572 29 94 1
4573 29 94 1
4574 29 94 1
4575 29 94 1
4576 29 94 1
4577 29 94 1
4578 29 94 1
4579 29 94 1
4580 29 94 1
4581 29 94 1
4511 29 94 1
4582 29 94 1
4583 29 94 1
4578 29 94 1
4584 29 94 1
4585 29 94 1
4578 29 94 1
4586 29 94 1
4576 29 94 1
4576 29 94 1
4587 29 94 1
4588 29 94 1
4589 29 94 1
4576 29 94 1
4590 29 94 1
4591 29 94 1
4592 29 94 1
4593 29 94 1
4594 29 94 1
4539 29 94 1
4595 29 94 1
4596 29 94 1
4597 29 94 1
4598 29 94 1
4599 29 94 1
4600 29 94 1
4601 29 94 1
4602 29 94 1
4603 29 94 1
4603 29 94 1
4604 29 94 1
4605 29 94 1
4606 29 94 1
4607 29 94 1
4608 29 94 1
4609 29 94 1
4610 29 94 1
4611 29 94 1
4612 29 94 1
4613 29 94 1
4614 29 94 1
4615 29 94 1
4595 29 94 1
4616 29 94 1
4617 29 94 1
4618 54 95 1
4619 54 95 1
4620 54 95 1
4621 54 95 1
4622 54 95 1
4623 54 95 1
4624 54 95 1
4625 54 95 1
4626 54 95 1
4627 54 95 1
4628 54 95 1
4629 54 95 1
4630 54 95 1
4631 54 95 1
4632 54 95 1
4633 54 95 1
4634 54 95 1
4635 54 95 1
4636 54 95 1
4637 54 95 1
4638 54 95 1
4639 54 95 1
4640 54 95 1
4641 54 95 1
4642 54 95 1
4643 54 95 1
4644 54 95 1
4645 54 95 1
4646 54 95 1
4647 54 95 1
4648 54 95 1
4649 54 95 1
4650 54 95 1
4651 54 95 1
4652 54 95 1
4653 54 95 1
4654 54 95 1
4655 54 95 1
4656 54 95 1
4657 54 95 1
4658 54 95 1
4659 54 95 1
4660 54 95 1
4661 54 95 1
4662 54 95 1
4663 54 95 1
4664 54 95 1
4665 54 95 1
4666 54 95 1
4667 54 95 1
4668 54 95 1
4669 54 95 1
4670 54 95 1
4671 54 95 1
4672 54 95 1
4673 54 95 1
4674 54 95 1
4675 54 95 1
4676 54 95 1
4677 54 95 1
4678 54 95 1
4679 54 95 1
4680 54 95 1
4681 54 95 1
4682 54 95 1
4683 54 95 1
4684 54 95 1
4685 54 95 1
4625 54 95 1
4686 54 95 1
4687 54 95 1
4688 54 95 1
4689 54 95 1
4690 54 95 1
4691 54 95 1
4692 54 95 1
4693 54 95 1
4694 54 95 1
4695 54 95 1
4696 54 95 1
4697 54 95 1
4698 54 95 1
4699 54 95 1
4700 54 95 1
4701 54 95 1
4702 54 95 1
4702 54 95 1
4703 54 95 1
4704 54 95 1
4705 54 95 1
4706 54 95 1
4707 54 95 1
4708 54 95 1
4709 54 95 1
4710 54 95 1
4711 54 95 1
4712 54 95 1
4713 54 95 1
4714 54 95 1
4715 54 95 1
4716 54 95 1
4717 54 95 1
4718 54 95 1
4719 54 95 1
4720 54 95 1
4721 54 95 1
4722 54 95 1
4723 54 95 1
4724 54 95 1
4725 54 95 1
4726 54 95 1
4727 54 95 1
4728 54 95 1
4729 54 95 1
4730 54 95 1
4731 54 95 1
4732 54 95 1
4733 54 95 1
4734 54 95 1
4735 54 95 1
4735 54 95 1
4736 54 95 1
4737 54 95 1
4738 50 96 1
4739 50 96 1
4740 50 96 1
4741 50 96 1
4742 50 96 1
4743 50 96 1
4744 50 96 1
4745 50 96 1
4746 50 96 1
4747 50 96 1
4748 50 96 1
4749 50 96 1
4750 50 96 1
4750 50 96 1
4751 50 96 1
4752 50 96 1
4753 50 96 1
4754 50 96 1
4755 50 96 1
4756 50 96 1
4757 50 96 1
4758 50 96 1
4759 50 96 1
4760 50 96 1
4761 50 96 1
4762 50 96 1
4763 50 96 1
4764 50 96 1
4765 50 96 1
4766 50 96 1
4767 50 96 1
4768 50 96 1
4769 50 96 1
4770 50 96 1
4771 50 96 1
4772 50 96 1
4773 35 97 1
4774 35 97 1
4775 35 97 1
4776 35 97 1
4777 35 97 1
4778 35 97 1
4779 35 97 1
4779 35 97 1
4780 35 97 1
4781 35 97 1
4782 35 97 1
4783 35 97 1
4784 35 97 1
4785 35 97 1
4786 35 97 1
4787 35 97 1
4788 35 97 1
4789 35 97 1
4790 35 97 1
4791 35 97 1
4792 35 97 1
4793 35 97 1
4794 35 97 1
4795 35 97 1
4796 35 97 1
4797 35 97 1
4798 35 97 1
4799 35 97 1
4800 35 97 1
4801 35 97 1
4802 35 97 1
4803 35 97 1
4804 35 97 1
4805 35 97 1
4806 35 97 1
4807 35 97 1
4808 35 97 1
4809 35 97 1
4810 35 97 1
4811 35 97 1
4812 62 98 1
4813 62 98 1
4814 62 98 1
4815 62 98 1
4816 62 98 1
4817 62 98 1
4818 62 98 1
4819 62 98 1
4820 62 98 1
4821 62 98 1
4822 62 98 1
4823 62 98 1
4824 62 98 1
4825 62 98 1
4825 62 98 1
4826 62 98 1
4827 62 98 1
4828 62 98 1
4829 62 98 1
4830 62 98 1
4831 62 98 1
4832 62 98 1
4833 62 98 1
4834 62 98 1
4835 62 98 1
4836 62 98 1
4837 62 98 1
4838 62 98 1
4839 62 98 1
4840 62 98 1
4841 62 98 1
4842 62 98 1
4843 62 98 1
4844 62 98 1
4845 62 98 1
4846 62 98 1
4847 62 98 1
4815 62 98 1
4848 62 98 1
4849 62 98 1
4850 62 98 1
4851 62 98 1
4852 62 98 1
4853 62 98 1
4854 62 98 1
4855 62 98 1
2772 62 98 1
4856 62 98 1
4857 62 98 1
4858 62 98 1
4859 62 98 1
4860 62 98 1
4861 62 98 1
4862 62 98 1
